37.140742 9.838449
37.140319 9.860391
37.147411 9.880947
37.160902 9.902052
37.20601 9.926001
37.228861 9.8586
37.248049 9.926937
37.261531 10.048338
37.211527 10.1943
37.179586 10.254861
37.163368 10.212084
37.167913 10.146393
37.145521 10.132011
37.127494 10.191393
37.12807 10.21176
37.064017 10.169442
37.039582 10.172367
36.986869 10.200627
36.889327 10.332675
36.877141 10.34424
36.815275 10.286181
36.838504 10.275588
36.830962 10.202769
36.810829 10.19277
36.790138 10.196739
36.785827 10.24389
36.78679 10.256157
36.74458 10.319031
36.735139 10.336941
36.724582 10.374867
36.722773 10.407222
36.724033 10.415322
36.729721 10.436112
36.738613 10.458612
36.752221 10.484163
36.775621 10.524447
36.817777 10.547217
36.857359 10.566387
36.878329 10.599165
36.876394 10.622772
36.876934 10.655001
36.878878 10.677501
36.886798 10.713195
36.950824 10.819161
36.996382 10.868337
37.039375 10.893888
37.085968 11.039373
37.051381 11.067786
36.904447 11.10222
36.811378 11.035692
36.760276 10.980837
36.743608 10.967499
36.648046 10.897218
36.591949 10.864719
36.542638 10.836801
36.503056 10.821942
36.48277 10.812771
36.465346 10.796391
36.453331 10.740834
36.434161 10.673613
36.397774 10.572219
36.384166 10.547496
36.370828 10.53027
36.362854 10.522449
36.351109 10.512783
36.328195 10.497771
36.287497 10.480275
36.255133 10.469025
36.179164 10.455975
36.117352 10.456182
36.056665 10.471662
35.972218 10.520001
35.862355 10.604862
35.840827 10.625004
35.788609 10.685835
35.787034 10.688769
35.771662 10.739718
35.724448 10.814868
35.705899 10.827081
35.682085 10.871388
35.673337 10.907217
35.670826 10.929717
35.664166 10.973052
35.65639 11.001393
35.637355 11.027079
35.562718 11.013714
35.52166 11.030004
35.501734 11.054493
35.38909 11.019582
35.338609 11.025972
35.305138 11.050839
35.274988 11.084715
35.263054 11.100834
35.241949 11.126664
35.170624 11.072502
35.158051 11.048814
35.124031 11.01951
35.092675 11.01429
35.062147 11.014866
34.888609 10.909449
34.793605 10.823058
34.670269 10.731393
34.651378 10.708749
34.644718 10.680273
34.642495 10.658889
34.631803 10.632771
34.54579 10.575306
34.522633 10.496529
34.496245 10.430343
34.460272 10.39527
34.435828 10.375002
34.407487 10.336113
34.324786 10.152216
34.314238 10.116036
34.218046 10.036944
34.191109 10.021392
34.171138 10.012473
34.168609 10.007082
34.109722 10.014165
34.080274 10.01916
34.036381 10.030833
34.009579 10.039311
33.953041 10.068894
33.935275 10.079721
33.914449 10.096389
33.829165 10.166112
33.748597 10.26639
33.712777 10.314441
33.700276 10.331946
33.686101 10.356111
33.673042 10.390275
33.650749 10.457208
33.638671 10.478331
33.649435 10.53027
33.671395 10.605555
33.683878 10.631394
33.701662 10.659096
33.712489 10.694718
33.704164 10.715976
33.679585 10.724715
33.605551 10.717218
33.578605 10.705896
33.548329 10.672776
33.4918 10.691523
33.473746 10.751661
33.536242 10.909791
33.567085 10.929996
33.593464 10.920762
33.613669 10.901943
33.630004 10.933605
33.636727 10.979658
33.625549 11.025837
33.612634 11.055834
33.594166 11.078892
33.577084 11.091663
33.549715 11.107368
33.52222 11.114442
33.492502 11.113749
33.460444 11.103651
33.429718 11.101113
33.285826 11.121111
33.210064 11.174301
33.182785 11.342772
33.18166 11.365002
33.189166 11.431602
33.187771 11.481948
33.171139 11.526084
33.117085 11.606949
33.101668 11.638053
33.085549 11.740833
33.083119 11.792502
33.064993 11.877633
33.050278 11.908053
33.003883 11.992221
32.983597 12.025557
32.951665 12.077775
32.900554 12.173895
32.848057 12.276108
32.83777 12.301245
32.828401 12.343941
32.825557 12.366108
32.807215 12.517218
32.800825 12.559446
32.794714 12.741111
32.796631 12.771873
32.799439 12.813894
32.805541 12.85389
32.815693 12.909024
32.842774 13.000824
32.848453 13.015431
32.871934 13.091949
32.883607 13.12236
32.898745 13.140693
32.909581 13.160133
32.917222 13.206105
32.918887 13.251105
32.904442 13.335003
32.896243 13.362498
32.848327 13.467501
32.822218 13.519719
32.808052 13.543893
32.795551 13.579029
32.788747 13.61277
32.788054 13.642776
32.791384 13.722777
32.796523 13.748337
32.799718 13.775832
32.778325 13.892769
32.77333 13.912776
32.766031 13.929984
32.754304 13.952214
32.736664 13.993335
32.729437 14.018058
32.725828 14.038893
32.723884 14.079447
32.717773 14.149998
32.714164 14.170833
32.703895 14.200281
32.632498 14.317218
32.556934 14.414868
32.533057 14.438592
32.525614 14.448609
32.510557 14.486661
32.503051 14.545557
32.491099 14.624586
32.481109 14.65416
32.449303 14.725035
32.446108 14.790555
32.437216 14.934996
32.409721 15.128613
32.398606 15.165837
32.387221 15.1893
32.319028 15.274656
32.154508 15.369372
32.038057 15.360003
32.021839 15.354945
32.02111 15.35472
31.995829 15.351948
31.96027 15.360003
31.902922 15.378336
31.856941 15.398613
31.659859 15.488055
31.490137 15.620004
31.430557 15.688746
31.389715 15.754311
31.338883 15.863895
31.324717 15.896394
31.291246 15.976809
31.261942 16.080831
31.255831 16.115778
31.241395 16.182783
31.233889 16.224714
31.230694 16.254864
31.218607 16.500276
31.217779 16.523613
31.221379 16.564716
31.225555 16.598052
31.22722 16.656111
31.228057 16.705827
31.224448 16.732215
31.219165 16.759719
31.183471 16.929585
31.16584 16.992504
31.155553 17.022222
31.141108 17.058888
31.126663 17.113329
31.121947 17.133057
31.094722 17.270001
31.082221 17.367219
31.06666 17.402634
31.050973 17.42472
31.03597 17.443476
31.023325 17.469855
31.016665 17.499996
31.005001 17.571105
30.996946 17.604162
30.923056 17.808327
30.867085 17.89416
30.851524 17.923194
30.814714 18.057222
30.781945 18.179163
30.758878 18.220626
30.728611 18.247356
30.674161 18.298881
30.627496 18.358893
30.608893 18.385551
30.463885 18.597501
30.396943 18.713052
30.366667 18.788895
30.353608 18.801531
30.298879 18.905274
30.288889 18.926388
30.276379 18.957501
30.266947 19.001394
30.265003 19.025271
30.263878 19.163052
30.266947 19.21833
30.286387 19.316106
30.294163 19.344996
30.41722 19.617777
30.503881 19.746108
30.518884 19.764999
30.631663 19.871388
30.809719 20.027358
30.850831 20.057634
30.943333 20.108889
30.971107 20.122497
31.007773 20.134998
31.054996 20.148894
31.076812 20.153475
31.15 20.155554
31.186873 20.1483
31.210282 20.143323
31.297501 20.105559
31.319443 20.092221
31.342636 20.071242
31.353958 20.04903
31.377772 20.030553
31.401379 20.019717
31.482487 19.982772
31.523599 19.965555
31.568041 19.953054
31.704994 19.924443
31.727215 19.920825
31.748194 19.919583
31.823326 19.924164
31.957777 19.941948
31.977082 19.949031
32.07916 20.00916
32.155273 20.059371
32.184721 20.084445
32.409163 20.337219
32.553325 20.553336
32.560912 20.567628
32.611384 20.704167
32.684716 20.871108
32.697487 20.889162
32.708053 20.908611
32.724586 20.941389
32.737492 20.969442
32.774509 21.069999
32.777497 21.123612
32.772772 21.179448
32.771107 21.233052
32.77027 21.28527
32.77333 21.326661
32.778325 21.372498
32.783338 21.389166
32.796667 21.427776
32.816242 21.47166
32.831938 21.49722
32.849299 21.513744
32.86999 21.534714
32.934718 21.627774
32.944447 21.713886
32.931064 21.739653
32.916664 21.78333
32.902498 21.854718
32.902219 21.884166
32.905 21.947499
32.908609 21.980826
32.91427 22.003983
32.910823 22.068054
32.884435 22.196943
32.881096 22.317777
32.878054 22.348323
32.868046 22.375134
32.835826 22.424166
32.785552 22.513338
32.782564 22.536108
32.783878 22.572504
32.725558 22.805001
32.709439 22.837356
32.693329 22.868892
32.679991 22.904442
32.671801 22.933881
32.669164 22.961106
32.673538 22.995135
32.619754 23.119164
32.584015 23.103333
32.332105 23.085099
32.310271 23.130837
32.301244 23.168745
32.270347 23.212566
32.21623 23.247198
32.207221 23.280003
32.186665 23.450274
32.182219 23.490558
32.181661 23.564448
32.183326 23.638473
32.175136 23.720067
32.155273 23.799996
32.11264 23.952078
32.092219 23.989716
32.069296 23.969718
32.048605 23.990418
32.01166 24.063894
32.002633 24.087636
31.999996 24.117498
31.985272 24.543054
31.98916 24.568056
31.999717 24.612363
32.023819 24.653403
32.025412 24.734583
32.004586 24.782499
31.992499 24.842214
31.979998 24.913611
31.966525 24.982632
31.949164 25.008606
31.926943 25.032978
31.895272 25.029162
31.855132 25.023339
31.790557 25.068879
31.766662 25.089444
31.728889 25.120422
31.669651 25.150689
31.646944 25.151661
31.635136 25.152219
31.540762 25.173891
31.501459 25.314444
31.501666 25.400277
31.518613 25.481106
31.541383 25.567218
31.5775 25.684443
31.610836 25.811109
31.617217 25.848054
31.619998 25.881111
31.617775 25.947216
31.614166 25.985556
31.610557 26.008605
31.591387 26.093052
31.563055 26.173332
31.527496 26.30916
31.517776 26.351109
31.513609 26.373051
31.498606 26.504442
31.484161 26.644716
31.460554 26.774433
31.433887 26.893053
31.399165 27.062775
31.379302 27.165132
31.37527 27.248337
31.377916 27.279864
31.376107 27.32319
31.368889 27.34542
31.328893 27.359163
31.295692 27.36819
31.271527 27.377496
31.24972 27.395271
31.236112 27.412218
31.222774 27.438894
31.217221 27.458883
31.18861 27.571113
31.172914 27.655065
31.213189 27.800766
31.243744 27.844164
31.230001 27.864585
31.181392 27.883611
31.139722 27.893331
31.109716 27.902637
31.098052 27.921393
31.072771 28.187775
31.068883 28.273059
31.073608 28.35666
31.083895 28.403469
31.078891 28.429722
31.032217 28.559997
30.988054 28.718325
30.975004 28.75527
30.947707 28.815066
30.920824 28.827081
30.873538 28.895346
30.839167 28.981395
30.824164 29.034999
30.821662 29.069442
30.821392 29.12139
30.823894 29.147778
30.830275 29.179998
30.842218 29.224998
30.850273 29.252502
30.876949 29.337219
30.937771 29.483325
30.961387 29.525004
30.993607 29.575269
31.00861 29.598057
31.011112 29.600559
31.034449 29.634714
31.068055 29.688327
31.103605 29.745279
31.135555 29.803878
31.273606 29.999448
31.307221 30.045825
31.320271 30.064446
31.278385 30.096009
31.221946 30.143187
31.212919 30.213054
31.237354 30.289716
31.26889 30.300282
31.335283 30.301947
31.448323 30.354444
31.441888 30.389436
31.45555 30.375414
31.502845 30.355443
31.493611 30.391947
31.474999 30.411666
31.461112 30.445272
31.45222 30.479301
31.452355 30.500001
31.466944 30.574449
31.472218 30.597219
31.499164 30.691395
31.509586 30.725559
31.525003 30.770559
31.538557 30.807045
31.54888 30.845835
31.575691 30.956112
31.465828 30.703608
31.423573 30.567771
31.393189 30.544164
31.380274 30.59388
31.408606 30.743613
31.42027 30.902499
31.447774 30.964167
31.480273 31.007214
31.490272 31.100004
31.496662 31.126455
31.545136 31.107222
31.565269 31.065552
31.570831 31.033881
31.583539 30.977847
31.597012 31.012218
31.601665 31.09833
31.597777 31.133331
31.584997 31.18833
31.574449 31.225824
31.560823 31.267917
31.534165 31.338612
31.529566 31.349637
31.484719 31.433607
31.448611 31.52097
31.442221 31.556943
31.441942 31.5711
31.443328 31.598469
31.455829 31.666941
31.479166 31.755555
31.50361 31.809168
31.520557 31.840272
31.534921 31.8717
31.539106 31.893516
31.529881 31.921479
31.505167 31.950549
31.475692 31.963194
31.44583 31.985001
31.416382 32.009166
31.382218 32.041386
31.370275 32.061798
31.360753 32.086629
31.35403 32.103468
31.29094 32.202495
31.300552 32.167215
31.327498 32.112639
31.343608 32.090004
31.356388 32.078043
31.356316 32.064237
31.380553 32.017221
31.402639 31.992363
31.433194 31.977918
31.513474 31.933332
31.527568 31.909653
31.514509 31.860558
31.277395 31.777461
31.284694 31.798224
31.246111 31.836933
31.182013 31.927293
31.201804 31.955211
31.2175 32.006097
31.215691 32.027922
31.193605 32.043051
31.174867 32.03568
31.143196 32.036085
31.128886 32.051934
31.0825 32.078043
31.074166 32.143068
31.078612 32.146245
31.087315 32.141556
31.093327 32.137497
31.124854 32.19201
31.103263 32.230044
31.107484 32.253012
31.124296 32.279787
31.168972 32.288112
31.169449 32.291109
31.209166 32.298606
31.266739 32.274369
31.269718 32.256423
31.271113 32.247504
31.282426 32.214753
31.281715 32.256279
31.27861 32.276106
31.269304 32.329584
31.214719 32.402214
31.160557 32.462487
31.142503 32.481108
31.115971 32.499783
31.071457 32.552217
31.060144 32.599341
31.051666 32.669721
31.03354 32.711796
31.046113 32.781105
31.153888 33.028605
31.192498 33.115617
31.101661 33.149718
31.058326 33.143607
31.068055 33.206112
31.089448 33.251391
31.114369 33.310368
31.15486 33.4125
31.141738 33.454377
31.1275 33.484446
31.117501 33.529581
31.114432 33.584166
31.113613 33.604164
31.115557 33.636663
31.120003 33.673041
31.133323 33.743889
31.148893 33.806664
31.165273 33.871383
31.18222 33.931935
31.201381 33.985269
31.22569 34.046937
31.252771 34.108056
31.316527 34.20972
31.323331 34.216668
31.29472 34.239168
31.216546 34.267581
31.162771 34.287498
30.859444 34.401384
30.691108 34.48944
30.486106 34.558884
30.434716 34.543323
30.406942 34.545276
30.365002 34.614432
30.089341 34.723341
29.991106 34.753608
29.740834 34.847775
29.650825 34.872777
29.630836 34.873884
29.606662 34.866387
29.532502 34.877772
29.48671 34.9038
29.484505 34.882911
29.47222 34.858746
29.334718 34.761384
29.291383 34.744167
29.135557 34.689987
29.039167 34.665552
28.839304 34.622487
28.759447 34.622496
28.735417 34.627428
28.691668 34.60527
28.66222 34.585542
28.604998 34.548606
28.561942 34.52472
28.435276 34.456662
28.318744 34.40916
28.230418 34.414164
28.200898 34.430103
28.174168 34.451667
28.021105 34.446105
27.996949 34.441938
27.974449 34.431111
27.868888 34.327215
27.854443 34.294167
27.818056 34.272216
27.790273 34.258887
27.764722 34.255827
27.728605 34.254432
27.765271 34.21638
27.787141 34.18794
27.795826 34.134165
27.88777 33.973056
27.974998 33.825555
27.988894 33.805548
28.021942 33.763329
28.081666 33.712488
28.193338 33.626934
28.239436 33.59916
28.294714 33.563403
28.313263 33.520482
28.360837 33.433884
28.379998 33.411384
28.485001 33.306111
28.504999 33.286941
28.554445 33.242769
28.608058 33.221106
28.662292 33.199578
28.861111 33.167772
28.953325 33.165837
28.974304 33.167214
28.995067 33.17256
29.206801 32.948748
29.209852 32.928885
29.233189 32.890824
29.454715 32.741379
29.51083 32.722218
29.616391 32.689719
29.669302 32.683122
29.723473 32.694363
29.75833 32.674716
29.788354 32.64903
29.823607 32.607918
29.919997 32.576661
29.95138 32.577777
30.002707 32.575617
29.956834 32.563251
29.9368 32.477634
29.897497 32.459031
29.8693 32.481945
29.795275 32.446935
29.755558 32.409162
29.683054 32.360832
29.594863 32.340825
29.544508 32.368257
29.511946 32.401107
29.492164 32.437818
29.382499 32.56722
29.340559 32.59638
29.236528 32.630823
29.173609 32.646942
29.119465 32.657589
29.113894 32.662215
29.09368 32.662638
29.061244 32.634225
28.984024 32.618745
28.867771 32.688612
28.816111 32.736933
28.801306 32.757516
28.791802 32.788611
28.776943 32.804163
28.748053 32.820003
28.724446 32.829435
28.701667 32.83722
28.626391 32.860836
28.545139 32.935275
28.484443 32.999166
28.45972 33.015825
28.367776 33.076665
28.283608 33.126111
28.228879 33.179166
28.182214 33.225003
28.074997 33.334443
28.02916 33.410826
28.018612 33.432489
27.996391 33.469443
27.98389 33.485139
27.944443 33.516666
27.883054 33.558885
27.854722 33.571107
27.816391 33.581664
27.790552 33.57972
27.812215 33.55083
27.830971 33.515271
27.837352 33.494715
27.827497 33.474717
27.643888 33.494715
27.568333 33.561099
27.489997 33.633045
27.424234 33.668055
27.372565 33.684165
27.340552 33.688881
27.319996 33.704163
27.306109 33.719994
27.293887 33.738057
27.282502 33.770826
27.255412 33.828741
27.236665 33.837354
27.199441 33.838326
27.16111 33.829992
27.11764 33.835689
26.935687 33.943473
26.818885 33.947775
26.684164 33.932358
26.655274 33.938325
26.641108 33.953742
26.630974 33.990552
26.613892 34.009992
26.511661 34.074432
26.372215 34.143057
26.29972 34.181937
26.250553 34.201107
26.221663 34.214166
26.202772 34.22277
26.026111 34.324164
25.845274 34.438041
25.777774 34.490421
25.760557 34.509168
25.745419 34.531245
25.724719 34.550478
25.581106 34.625277
25.562773 34.634439
25.487218 34.669161
25.284448 34.770825
25.194448 34.819443
25.140826 34.849449
25.096105 34.880274
25.045552 34.914168
25.011109 34.93638
24.923881 34.986384
24.718195 35.088327
24.541381 35.14194
24.517504 35.13861
24.422221 35.221383
24.407218 35.234991
24.366799 35.289999
24.3325 35.336934
24.290551 35.383041
24.24277 35.419446
24.225274 35.430273
24.181948 35.448057
24.149998 35.483598
24.076666 35.599167
24.014998 35.703054
24.004585 35.726814
23.982499 35.759025
23.956948 35.783055
23.907007 35.811171
23.933188 35.612496
23.962078 35.552844
23.984299 35.543043
23.980276 35.52111
23.968054 35.504433
23.942917 35.485839
23.811949 35.475831
23.744026 35.499996
23.720068 35.514234
23.671945 35.512218
23.593051 35.503884
23.494582 35.491869
23.47138 35.499168
23.41063 35.540136
23.370004 35.552493
23.338333 35.552214
23.309443 35.554995
23.238748 35.569296
23.215825 35.57889
23.179168 35.60139
23.13307 35.630721
23.114998 35.640693
23.041108 35.6625
23.012218 35.66277
22.970692 35.66889
22.872502 35.742222
22.763746 35.844858
22.749715 35.868609
22.719718 35.93889
22.69027 36.016668
22.685833 36.057492
22.665133 36.153054
22.635415 36.229023
22.589164 36.275274
22.455271 36.372222
22.405555 36.398043
22.348891 36.439434
22.318336 36.465552
22.306528 36.491526
22.29931 36.545688
22.161664 36.750276
22.123882 36.800559
22.07584 36.862785
22.053187 36.886248
22.034161 36.895689
22.007359 36.895824
22.000105 36.888462
21.971665 36.854163
21.786949 36.874161
21.637216 36.899991
21.608605 36.911385
21.431242 37.000269
21.330829 37.069164
21.291661 37.098882
21.248272 37.143612
21.231946 37.163772
21.200554 37.200825
21.166525 37.233324
21.126106 37.26639
21.063268 37.306593
21.017287 37.305693
21.001663 37.247499
21.025693 37.225422
21.094165 37.199376
21.079162 37.223748
21.061387 37.237635
21.053008 37.264212
21.129166 37.230273
21.195289 37.153755
21.207916 37.103193
21.16909 37.093815
20.968057 37.137501
20.796112 37.164168
20.699578 37.171395
20.681524 37.184868
20.62639 37.207773
20.556388 37.228194
20.466388 37.226934
20.458054 37.200825
20.401948 37.184715
20.329165 37.180269
20.220553 37.177353
20.013472 37.185831
19.917496 37.21833
19.895833 37.227492
19.86472 37.242774
19.833886 37.257219
19.762777 37.265274
19.731664 37.265823
19.687915 37.257633
19.664866 37.240272
19.564579 37.241595
19.527499 37.267632
19.475002 37.290276
19.395694 37.306935
19.358605 37.30833
19.299997 37.311948
19.241947 37.321389
19.151947 37.336392
19.086391 37.355553
18.853894 37.435689
18.724447 37.516392
18.710002 37.553058
18.708886 37.594719
18.708886 37.642491
18.717922 37.680687
18.706393 37.750545
18.695269 37.768059
18.664714 37.761939
18.600823 37.82889
18.5725 37.896516
18.540694 37.950273
18.518059 37.978056
18.48916 38.004714
18.426394 38.051937
18.344863 38.101392
18.307351 38.08944
18.282214 38.118339
18.259165 38.152503
18.240823 38.189511
18.222769 38.271384
18.187498 38.36916
18.134443 38.43972
18.107218 38.546244
18.087499 38.575827
18.066799 38.58903
18.010828 38.607498
17.99488 38.600694
17.961391 38.611935
17.847217 38.672217
17.777359 38.710557
17.72722 38.749716
17.65333 38.797776
17.456941 38.895003
17.348059 38.945277
17.188606 39.001932
17.052499 39.039165
16.862779 39.098331
16.826941 39.115557
16.775272 39.136932
16.679161 39.160269
16.6375 39.161664
16.573051 39.160827
16.544449 39.164166
16.477984 39.174021
16.450552 39.187494
16.396948 39.192777
16.385563 39.190275
16.343326 39.202218
16.288606 39.204162
16.228882 39.211389
16.205554 39.214719
16.127497 39.229434
15.986242 39.270132
15.898339 39.309165
15.849721 39.365559
15.76972 39.423609
15.650272 39.449718
15.603679 39.441663
15.521734 39.460203
15.512086 39.482775
15.518332 39.5118
15.537367 39.538467
15.53527 39.563325
15.526387 39.582909
15.487633 39.613329
15.315553 39.690558
15.25708 39.713193
15.192496 39.701943
15.181669 39.698613
15.129442 39.694167
15.088051 39.718053
15.06277 39.767778
15.063058 39.774168
15.075559 39.808539
15.17527 39.854646
15.225832 39.843045
15.277366 39.815937
15.261796 39.790026
15.392215 39.771108
15.445342 39.798819
15.474583 39.847635
15.489442 39.881385
15.389443 39.989718
15.286942 40.049028
15.239863 40.025826
15.201109 40.041666
15.16798 40.074228
15.017986 40.15674
14.984722 40.157496
14.971105 40.175406
14.913532 40.297842
14.943889 40.338612
14.965003 40.36194
14.996107 40.422222
15.007771 40.454856
14.946391 40.593888
14.904163 40.67388
14.83084 40.730688
14.794444 40.730553
14.705551 40.807215
14.716666 40.849443
14.716108 40.88277
14.630689 41.172219
14.476942 41.31027
14.373334 41.378607
14.271661 41.449167
14.202496 41.511933
14.067784 41.611932
13.999789 41.653053
13.967362 41.66388
13.936393 41.677218
13.915558 41.720274
13.871395 41.852637
13.872637 41.902083
13.85722 41.956524
13.826395 41.984721
13.729168 42.058611
13.697776 42.067773
13.678336 42.090273
13.575133 42.186528
13.551247 42.22548
13.636396 42.217254
13.653766 42.191541
13.66021 42.168816
13.669003 42.178275
13.636666 42.222501
13.573477 42.284583
13.553056 42.294996
13.427497 42.339717
13.405285 42.344442
13.350277 42.348879
13.217914 42.373818
13.190347 42.444927
13.192084 42.490269
13.161943 42.575274
13.042216 42.721668
13.023469 42.733746
12.942496 42.758613
12.894445 42.771942
12.844999 42.80472
12.808891 42.880554
12.800971 42.936246
12.81277 42.975
12.830068 42.986241
12.885868 43.002216
12.828952 43.077978
12.795553 43.09389
12.72916 43.118046
12.708334 43.121385
12.658474 43.150689
12.618334 43.179714
12.584449 43.207497
12.493612 43.287777
12.481111 43.316937
12.476728 43.327503
12.433888 43.329582
12.284722 43.374168
12.264031 43.388055
12.234655 43.410132
12.138742 43.420419
12.063052 43.414866
12.038887 43.404444
11.993266 43.370901
11.965555 43.292637
11.958607 43.25166
11.95777 43.218747
11.948059 43.194447
11.89666 43.14249
11.853334 43.104717
11.800135 43.047639
11.793475 43.01847
11.794753 42.982776
11.774161 42.883605
11.753335 42.822774
11.731186 42.772563
11.65222 42.716385
11.614447 42.696387
11.580274 42.68583
11.562364 42.674859
11.544445 42.627222
11.568745 42.557634
11.580067 42.530067
11.567215 42.508611
11.547271 42.532659
11.511946 42.531525
11.468611 42.595137
11.466667 42.623883
11.490418 42.683058
11.518336 42.665976
11.540134 42.69069
11.551105 42.728058
11.577214 42.828327
11.585431 42.866811
11.58166 42.877917
11.58166 42.903882
11.585278 42.947487
11.581246 43.02396
11.580274 43.031943
11.571112 43.119432
11.570833 43.157214
11.488888 43.234992
11.469538 43.249221
11.454166 43.288326
11.383192 43.375554
11.351395 43.454853
11.254717 43.482501
11.234998 43.489998
11.210833 43.501797
11.042218 43.624449
10.935838 43.709166
10.813888 43.81389
10.793611 43.835274
10.701388 43.938324
10.525276 44.18388
10.50778 44.208324
10.468333 44.252775
10.447777 44.278326
10.436662 44.30277
10.411525 44.391384
10.41076 44.556588
10.416394 44.594442
10.423891 44.614449
10.431946 44.633043
10.443187 44.65611
10.450837 44.682489
10.458334 44.722359
10.459162 44.746938
10.45 44.800281
10.440271 44.833329
10.431667 44.853336
10.421524 44.892081
10.423612 44.935551
10.428193 44.968878
10.434997 44.992908
10.534168 45.159435
10.592785 45.250002
10.620001 45.271665
10.666666 45.331668
10.662769 45.362079
10.658053 45.385965
10.663534 45.449235
10.696663 45.512775
10.774162 45.628326
10.824445 45.700551
10.872982 45.75888
10.874998 45.799857
10.839862 45.852354
10.844164 45.869445
10.830277 45.897498
10.793332 45.97416
10.77139 46.079721
10.768744 46.115478
10.77805 46.16361
10.79083 46.198746
10.786186 46.246662
10.765972 46.271799
10.73611 46.296945
10.702918 46.335555
10.688194 46.4175
10.690003 46.453329
10.745002 46.646244
10.814167 46.768059
10.934443 46.979721
10.969165 47.054718
10.994581 47.093058
11.04139 47.146941
11.068957 47.164923
11.156941 47.34
11.17 47.368332
11.178955 47.396664
11.187775 47.483055
11.184715 47.514168
11.171107 47.550285
11.141245 47.61333
11.120689 47.642355
11.107783 47.664297
11.099161 47.691666
11.101393 47.713608
11.114164 47.741103
11.130553 47.792502
11.133055 47.908053
11.121526 47.94777
11.135134 48.125691
11.148742 48.165615
11.180269 48.195549
11.210554 48.221937
11.274301 48.342771
11.315557 48.521385
11.328058 48.660687
11.276947 48.817215
11.25847 48.862494
11.247922 48.880692
11.242774 48.95694
11.245834 48.987216
11.25028 49.014144
11.293894 49.192218
11.340838 49.424166
11.389996 49.516587
11.43334 49.543884
11.447983 49.560336
11.471248 49.67694
11.469583 49.705965
11.462086 49.730976
11.455003 49.753053
11.453059 49.784715
11.508337 50.06916
11.514583 50.09319
11.595277 50.281389
11.683477 50.436243
11.735002 50.485833
11.759581 50.504166
11.791531 50.515407
11.824714 50.521941
11.860138 50.533461
11.893744 50.552919
11.916109 50.579019
11.946394 50.635557
11.979163 50.769432
11.94139 50.910003
11.872504 51.144714
11.839447 51.272775
11.816668 51.278328
11.665342 51.238539
11.617219 51.199164
11.578888 51.167214
11.507635 51.125274
11.328058 51.076386
11.20681 51.071661
11.181241 51.083118
11.164303 51.112359
11.150623 51.164721
11.113606 51.161517
11.071387 51.139719
11.048608 51.130269
11.012221 51.119721
10.979371 51.114582
10.740277 51.129162
10.633609 51.145551
10.497637 51.102909
10.477639 51.087771
10.465417 51.03999
10.446661 51.01722
10.436266 51.052554
10.446715 51.134823
10.48042 51.191316
10.538056 51.189435
10.487638 51.376797
10.453258 51.411321
10.397368 51.391242
10.372636 51.368607
10.385767 51.273954
10.41958 51.257142
10.425691 51.218613
10.41211 51.147774
10.410274 51.121944
10.405864 51.092613
10.400446 51.072687
10.386235 51.035193
10.360837 50.958882
10.333333 50.91111
10.312219 50.895828
10.152775 50.894721
10.022779 50.899167
9.633052 50.815269
9.574714 50.802498
9.563059 50.803596
9.536941 50.809437
9.500554 50.819166
9.471106 50.835555
9.437869 50.838534
9.401392 50.818878
9.302293 50.75541
9.283609 50.713605
9.268336 50.689584
9.223894 50.656941
9.201943 50.646942
9.180838 50.64264
9.160975 50.645691
9.125137 50.652504
9.091531 50.64597
9.067771 50.633469
8.989795 50.553396
8.972218 50.518323
8.959717 50.496804
8.94277 50.479299
8.860276 50.424858
8.613613 50.322222
8.565418 50.326938
8.538337 50.322915
8.515 50.310693
8.482915 50.283747
8.46334 50.253678
8.383609 50.196933
8.359579 50.185413
8.338042 50.17833
8.321392 50.160276
8.305003 50.148747
8.279308 50.138883
8.215273 50.125545
8.18569 50.10903
8.13889 50.069088
8.118055 50.028885
8.105833 50.007222
8.087221 49.978053
8.063056 49.940829
8.047216 49.922217
7.966108 49.84416
7.94611 49.829301
7.915555 49.813884
7.882777 49.806387
7.856668 49.804443
7.826248 49.804578
7.714441 49.79583
7.574446 49.732497
7.444999 49.664448
7.423057 49.652217
7.397497 49.636107
7.39045 49.631409
7.337773 49.604166
7.316947 49.59
7.178338 49.485546
7.064164 49.397769
7.041394 49.378878
6.980833 49.34277
6.818608 49.250547
6.758335 49.219443
6.477778 49.098744
6.41584 49.075551
6.389029 49.071942
6.343606 49.076109
6.30145 49.082832
6.260554 49.078044
6.220837 49.067775
6.193054 49.05972
6.173335 49.052367
6.149719 49.040838
5.820004 48.853332
5.768056 48.820824
5.528611 48.668328
5.418055 48.591378
5.32 48.517218
5.135833 48.370824
5.08861 48.328605
5.065417 48.310137
4.903057 48.20166
4.885282 48.191382
4.835557 48.164166
4.812499 48.152214
4.762783 48.126933
4.730275 48.110544
4.618891 48.053052
4.523059 48.000555
4.460275 47.951109
4.433842 47.924352
4.373893 47.871936
4.187368 47.707497
4.134718 47.656944
4.079998 47.596932
4.049164 47.572488
4.012498 47.546946
3.95722 47.511378
3.87847 47.448054
3.815281 47.377773
3.682504 47.229714
3.666664 47.214585
3.631105 47.184714
3.540025 47.109051
3.519721 47.08944
3.474442 47.045826
3.44278 47.016936
3.28834 46.876932
3.16 46.763883
2.954161 46.548612
2.895283 46.484991
2.791108 46.358055
2.662498 46.237779
2.58778 46.175283
2.516113 46.110555
2.453338 46.043325
2.437219 46.025559
2.423332 46.009017
2.367496 45.926667
2.346112 45.894168
2.286109 45.78777
2.23084 45.687771
2.171935 45.585828
2.168605 45.582219
2.140282 45.543195
2.038609 45.367776
1.974313 45.241803
1.954162 45.198324
1.919161 45.133047
1.914175 45.124722
1.903888 45.088884
1.895554 45.066933
1.880839 45.037773
1.860832 45.004167
1.813888 44.932779
1.757215 44.848053
1.593055 44.60472
1.551943 44.544987
1.39528 44.343612
1.246663 44.17416
1.219717 44.145
1.174168 44.108604
1.133605 44.067222
1.019026 43.94583
0.981667 43.883046
0.970552 43.860546
0.958051 43.83972
0.923743 43.790139
0.799309 43.650972
0.649999 43.488612
0.624718 43.466382
0.478918 43.336035
0.435835 43.288326
0.409168 43.267356
0.381106 43.247772
0.361108 43.227216
0.269443 43.135272
0.124444 43.003053
-0.001943 42.890274
-0.091664 42.809436
-0.122498 42.77916
-0.178055 42.717501
-0.241109 42.642216
-0.308474 42.568884
-0.3725 42.519438
-0.439721 42.471666
-0.456947 42.459165
-0.478475 42.439779
-0.492497 42.416667
-0.511667 42.397497
-0.633608 42.301665
-0.752633 42.214167
-0.798056 42.176943
-0.814715 42.159168
-0.896111 42.066666
-1.020284 41.972769
-1.12778 41.917221
-1.337498 41.792499
-1.496942 41.6925
-1.568888 41.645826
-1.639448 41.590269
-1.661948 41.571666
-1.674872 41.558157
-1.689443 41.538195
-1.752785 41.478336
-1.78361 41.45499
-1.807496 41.437773
-1.828052 41.434164
-1.852496 41.414445
-1.958057 41.315274
-1.970279 41.280273
-1.972781 41.20083
-1.981943 41.105556
-2.034161 40.991661
-2.019167 40.891662
-2.122784 40.910553
-2.212496 40.944996
-2.230838 40.970412
-2.257217 40.982085
-2.304377 40.958469
-2.315933 40.920939
-2.288339 40.925691
-2.225834 40.889997
-2.236112 40.854996
-2.248334 40.839165
-2.300417 40.785831
-2.330414 40.784301
-2.359097 40.81257
-2.38319 40.824162
-2.400416 40.813749
-2.552849 40.630482
-2.553893 40.591944
-2.541662 40.563747
-2.526389 40.532913
-2.535281 40.485834
-2.554163 40.421943
-2.568887 40.382217
-2.593889 40.338612
-2.60972 40.311945
-2.629997 40.278051
-2.671109 40.231107
-2.743055 40.189437
-2.78 40.171392
-2.893607 40.164444
-2.932784 40.166244
-2.983058 40.177503
-3.080834 40.157775
-3.190283 40.119372
-3.221252 40.131801
-3.265694 40.125483
-3.292082 40.107771
-3.315284 40.062771
-3.340556 40.025277
-3.375836 39.974166
-3.466943 39.934998
-3.619997 39.871386
-3.641948 39.870558
-3.674168 39.872214
-3.695552 39.867489
-3.79889 39.836394
-3.818888 39.829167
-3.875552 39.805542
-3.925835 39.781665
-4.016942 39.721113
-4.052501 39.693114
-4.092227 39.671667
-4.417784 39.525552
-4.633892 39.402504
-4.640003 39.325824
-4.602086 39.305277
-4.611941 39.255831
-4.669622 39.203028
-4.691393 39.216519
-4.747778 39.220839
-4.848605 39.220551
-4.921109 39.184722
-4.933547 39.162843
-4.898888 39.158613
-4.865687 39.167289
-4.885136 39.146382
-4.922783 39.137769
-4.953752 39.133746
-5.051393 39.126933
-5.243894 39.078045
-5.313059 39.055545
-5.459714 38.999997
-5.546663 38.966661
-5.607503 38.929446
-5.769998 38.859444
-5.956946 38.80296
-5.99597 38.786085
-6.039728 38.776113
-6.060419 38.782368
-6.146666 38.838339
-6.267779 38.843325
-6.323057 38.845269
-6.35111 38.851668
-6.385283 38.870829
-6.446663 38.922633
-6.473339 38.965824
-6.489719 39.022218
-6.480971 39.046248
-6.570557 39.142215
-6.586154 39.155445
-6.614162 39.167496
-6.737498 39.243888
-6.816392 39.304989
-6.831107 39.344166
-6.848054 39.390003
-6.86069 39.464028
-6.891668 39.492774
-6.918893 39.500415
-6.939161 39.507354
-6.975971 39.531528
-6.994313 39.547881
-7.082783 39.540276
-7.166942 39.483603
-7.22195 39.421098
-7.263611 39.391668
-7.291106 39.374991
-7.459163 39.299715
-7.498889 39.28833
-7.57916 39.274434
-7.606106 39.275559
-7.63028 39.277503
-7.757783 39.299715
-7.736948 39.322215
-7.740278 39.342357
-7.814168 39.446667
-8 39.445542
-8.275004 39.348612
-8.295839 39.324438
-8.267867 39.295287
-8.296667 39.305277
-8.403335 39.310002
-8.548334 39.339999
-8.666666 39.354165
-8.716949 39.35583
-8.822501 39.45861
-8.911106 39.533886
-8.86139 39.452499
-8.866943 39.405276
-8.90666 39.392703
-8.940833 39.457773
-9.172223 39.633327
-9.193607 39.644721
-9.355625 39.649716
-9.566945 39.701664
-9.656108 39.731949
-9.71666 39.734991
-9.755 39.730554
-9.802223 39.784437
-9.843335 39.803742
-9.867086 39.805272
-9.923894 39.791106
-9.993059 39.826386
-10.021661 39.889719
-10.054718 39.927906
-10.125557 39.972636
-10.176524 39.982086
-10.202282 39.975633
-10.216808 39.988746
-10.170557 39.997638
-10.13597 39.989511
-10.140551 40.047219
-10.148336 40.066938
-10.167785 40.113612
-10.194731 40.128057
-10.247786 40.132503
-10.297637 40.227912
-10.272158 40.261176
-10.244924 40.208193
-10.205279 40.238118
-10.371113 40.398606
-10.447784 40.433886
-10.478177 40.436811
-10.471112 40.447773
-10.481948 40.516245
-10.597229 40.569444
-10.654163 40.584447
-10.686671 40.588335
-10.791107 40.503051
-10.799729 40.551381
-10.823759 40.602222
-10.84166 40.617216
-10.86236 40.608324
-10.878893 40.575276
-10.897919 40.533192
-10.929788 40.509225
-10.958057 40.501665
-11.031389 40.506246
-11.016314 40.531248
-11.024234 40.563819
-11.06639 40.561668
-11.176676 40.498596
-11.218607 40.467501
-11.281391 40.417218
-11.317778 40.38777
-11.404097 40.476663
-11.522078 40.451247
-11.574719 40.428891
-11.649725 40.424166
-11.736944 40.446108
-11.811392 40.47138
-11.957228 40.505553
-12.316391 40.514715
-12.43403 40.509999
-12.504923 40.474161
-12.52097 40.498884
-12.553334 40.558878
-12.70889 40.611105
-12.75542 40.645971
-12.777362 40.644027
-12.885002 40.513608
-12.884165 40.476663
-12.903056 40.449717
-12.93542 40.415832
-12.969233 40.412772
-13.016393 40.461111
-13.02542 40.494015
-13.006808 40.510827
-12.986108 40.509162
-12.955049 40.492737
-12.955004 40.518324
-12.970691 40.592907
-13.202783 40.571937
-13.312223 40.539447
-13.329449 40.559715
-13.371875 40.589856
-13.476113 40.54194
-13.515281 40.525839
-13.530833 40.548609
-13.56722 40.578894
-13.587227 40.576941
-13.640417 40.539303
-13.687784 40.547772
-13.896809 40.602771
-13.924448 40.625271
-13.946255 40.635828
-14.021666 40.649715
-14.070833 40.642776
-14.132015 40.616316
-14.148053 40.584996
-14.156666 40.55472
-14.167502 40.532769
-14.208056 40.559436
-14.245838 40.598613
-14.226524 40.622769
-14.197499 40.649166
-14.190281 40.668885
-14.183189 40.698882
-14.20208 40.722777
-14.274728 40.744719
-14.343056 40.728609
-14.365628 40.682295
-14.401394 40.643613
-14.484725 40.636107
-14.487785 40.670559
-14.435837 40.68999
-14.427782 40.708323
-14.404373 40.775067
-14.405975 40.806378
-14.423471 40.821111
-14.459444 40.83111
-14.697782 40.846113
-14.73416 40.845276
-14.781113 40.832217
-14.81111 40.820004
-14.889023 40.728465
-14.933204 40.750695
-14.978339 40.77027
-15.081812 40.703886
-15.115283 40.607496
-15.12278 40.573611
-15.124031 40.537845
-15.18389 40.514445
-15.194168 40.538331
-15.196049 40.581594
-15.163334 40.605552
-15.157781 40.631796
-15.191531 40.668327
-15.254864 40.684302
-15.289163 40.671666
-15.479729 40.587777
-15.49889 40.578327
-15.521948 40.559166
-15.53417 40.543326
-15.574715 40.480002
-15.602084 40.437909
-15.645833 40.41027
-15.694865 40.38111
-15.723332 40.360275
-15.744446 40.338612
-15.833888 40.244715
-15.939998 40.125546
-15.976664 40.133331
-15.997634 40.134015
-16.082918 40.097502
-16.177229 40.028058
-16.235558 39.976668
-16.243334 39.932775
-16.240697 39.905415
-16.239311 39.883887
-16.281944 39.808053
-16.305551 39.782637
-16.372502 39.803058
-16.412786 39.817503
-16.536941 39.698613
-16.555283 39.674439
-16.653338 39.506661
-16.685279 39.438891
-16.75223 39.310551
-16.76834 39.283884
-16.831394 39.192498
-16.870418 39.127491
-16.881389 39.128058
-16.937783 39.124998
-16.984376 39.09618
-17.039447 38.896947
-17.056808 38.824434
-17.070839 38.686104
-17.099162 38.604717
-17.176391 38.391939
-17.198891 38.330559
-17.229446 38.249721
-17.250551 38.21472
-17.269586 38.198115
-17.316944 38.096523
-17.329445 38.041668
-17.33723 38.000826
-17.344997 37.96083
-17.35334 37.932489
-17.360558 37.911663
-17.376389 37.872216
-17.385839 37.853055
-17.426105 37.781388
-17.525834 37.609164
-17.632781 37.416933
-17.750069 37.220553
-17.871947 37.088613
-17.894726 37.067499
-17.911394 37.055277
-17.952083 37.031796
-17.989442 37.004166
-18.001394 36.983889
-17.950553 36.91638
-17.909306 36.90819
-17.890001 36.899856
-17.8757 36.870138
-17.875556 36.846378
-17.894789 36.82152
-17.968895 36.891936
-18.029447 36.952218
-18.059444 36.970479
-18.108611 36.943884
-18.172781 36.89361
-18.301526 36.773613
-18.453887 36.612495
-18.555002 36.502218
-18.576944 36.479718
-18.674162 36.418878
-18.733337 36.39861
-18.794447 36.320544
-18.891395 36.252774
-18.903887 36.158058
-18.900071 36.13104
-18.840977 36.122634
-18.808757 36.131049
-18.802502 36.123057
-18.813059 36.100134
-18.866105 36.059166
-18.926945 35.982774
-18.974996 35.878878
-19.021391 35.811945
-19.065833 35.748603
-19.121948 35.67042
-19.152503 35.65611
-19.187225 35.636661
-19.271393 35.576109
-19.419029 35.447148
-19.496672 35.363052
-19.560833 35.291664
-19.716947 35.112222
-19.860416 34.890687
-19.855592 34.847568
-19.811672 34.828605
-19.778399 34.812702
-19.618613 34.626798
-19.652498 34.633044
-19.671947 34.641387
-19.738952 34.683885
-19.755971 34.723044
-19.76903 34.742502
-19.797362 34.763058
-19.82591 34.776099
-19.898891 34.765002
-19.936106 34.759719
-19.970279 34.755003
-20.036663 34.750548
-20.069441 34.752492
-20.180555 34.75944
-20.381111 34.695135
-20.391182 34.666938
-20.557781 34.739298
-20.656673 34.871112
-20.695553 34.952985
-20.723336 34.983603
-20.727368 34.990272
-20.778893 35.012502
-20.806946 35.008893
-20.913065 35.07444
-20.933297 35.111799
-20.957327 35.102961
-20.974445 35.11791
-21.087224 35.082495
-21.097781 35.050284
-21.324176 35.079165
-21.431663 35.137503
-21.516677 35.18388
-21.553892 35.211663
-21.569444 35.228187
-21.590558 35.246799
-21.648608 35.269641
-21.679172 35.271936
-21.711671 35.263611
-21.819239 35.276733
-21.883607 35.300826
-21.993335 35.329995
-22.074443 35.337492
-22.103891 35.338194
-22.234031 35.326935
-22.310558 35.309862
-22.330421 35.302356
-22.357502 35.300286
-22.407497 35.306739
-22.466114 35.371665
-22.460003 35.397216
-22.414175 35.409438
-22.34708 35.391384
-22.298759 35.389296
-22.270004 35.393328
-22.221395 35.403057
-22.171112 35.418609
-22.12028 35.445825
-22.0958 35.480556
-22.232501 35.545275
-22.390559 35.542773
-22.414175 35.540559
-22.452785 35.533611
-22.477085 35.523747
-22.505687 35.512551
-22.57028 35.491932
-22.629176 35.485839
-22.83416 35.504433
-22.915286 35.522352
-22.950278 35.535276
-22.919669 35.597268
-23.015285 35.563329
-23.041943 35.54847
-23.061527 35.532639
-23.083055 35.519166
-23.178473 35.479791
-23.217785 35.478882
-23.249312 35.486379
-23.281811 35.486811
-23.312231 35.480556
-23.341121 35.468613
-23.380838 35.454168
-23.489441 35.421102
-23.521256 35.412633
-23.612228 35.40834
-23.656112 35.406945
-23.69528 35.34777
-23.905835 35.338338
-23.969447 35.339715
-23.953337 35.360271
-23.857991 35.376318
-23.87861 35.439714
-23.825699 35.475273
-23.792921 35.489997
-23.795495 35.52291
-23.873057 35.539794
-23.921117 35.517078
-23.966666 35.501661
-24.048125 35.483256
-24.076943 35.485137
-24.102215 35.495559
-24.169445 35.456112
-24.24473 35.404722
-24.266105 35.389998
-24.365834 35.309439
-24.391943 35.285274
-24.40889 35.263404
-24.490286 35.192367
-24.522218 35.185482
-24.569999 35.143884
-24.588611 35.118333
-24.604163 35.09694
-24.615836 35.078895
-24.632504 35.050554
-24.654167 35.012214
-24.674444 34.971381
-24.743339 34.812774
-24.786116 34.693884
-24.800003 34.653879
-24.81389 34.613883
-24.856055 34.482609
-24.86834 34.443054
-24.891677 34.374168
-24.914177 34.328745
-24.926948 34.303887
-24.946388 34.245828
-24.986942 34.108056
-25.019999 33.994719
-25.109027 33.72264
-25.264997 33.365826
-25.327367 33.237909
-25.340696 33.222078
-25.381151 33.131898
-25.394444 33.109443
-25.430552 33.048612
-25.523054 32.903613
-25.538336 32.882085
-25.612082 32.811111
-25.683605 32.770269
-25.703612 32.762502
-25.775558 32.738607
-25.806185 32.733396
-25.825832 32.704434
-25.846253 32.697504
-25.874099 32.693886
-25.899443 32.675283
-25.926524 32.647914
-25.962227 32.606667
-25.972433 32.587155
-26.031392 32.603886
-26.179442 32.723055
-26.275283 32.80653
-26.291105 32.843187
-26.272421 32.873301
-26.238887 32.869161
-26.209313 32.864166
-26.126666 32.893326
-26.107784 32.902353
-26.087705 32.945616
-26.152784 32.943051
-26.198891 32.936949
-26.279504 32.92911
-26.353619 32.927769
-26.715284 32.902497
-26.819162 32.881932
-26.847143 32.890428
-26.922779 32.876109
-26.971388 32.871933
-27.007496 32.868333
-27.033056 32.863608
-27.109997 32.841666
-27.130553 32.834718
-27.353339 32.747499
-27.397781 32.729715
-27.440558 32.709447
-27.496673 32.681664
-27.515834 32.673879
-27.604862 32.650137
-27.684728 32.631381
-27.706949 32.626665
-27.891179 32.588118
-27.929654 32.595345
-28.11473 32.564718
-28.154177 32.556942
-28.184174 32.545269
-28.205 32.530419
-28.233611 32.508891
-28.255283 32.494716
-28.286666 32.476662
-28.317221 32.459166
-28.378052 32.43222
-28.425419 32.425416
-28.500002 32.408325
-28.531394 32.394438
-28.552499 32.375547
-28.646117 32.276664
-28.721942 32.189994
-28.862504 32.018607
-28.879442 31.994163
-28.912499 31.923333
-28.924163 31.896666
-28.936943 31.862781
-28.940696 31.827636
-28.945556 31.774167
-28.998332 31.723326
-29.054177 31.668606
-29.166947 31.557222
-29.26889 31.451949
-29.29139 31.428054
-29.314727 31.399434
-29.3525 31.360554
-29.39084 31.325832
-29.535281 31.209714
-29.639726 31.142502
-29.679443 31.11777
-29.872502 31.009716
-29.899313 31.00014
-29.892545 31.051791
-29.924999 31.035132
-29.980835 30.972501
-29.999726 30.946662
-30.020417 30.91833
-30.076946 30.87
-30.102497 30.852504
-30.129029 30.840417
-30.154139 30.832578
-30.181661 30.819717
-30.299444 30.752496
-30.321944 30.739446
-30.341942 30.726945
-30.36473 30.709998
-30.475286 30.633327
-30.713606 30.476394
-30.817781 30.415833
-30.835286 30.404997
-30.85667 30.390003
-31.057361 30.216663
-31.072922 30.192615
-31.085693 30.185694
-31.120001 30.162222
-31.28111 30.023892
-31.302782 30.000825
-31.390703 29.894715
-31.422365 29.850831
-31.430141 29.831661
-31.431806 29.799162
-31.440419 29.773323
-31.461677 29.745828
-31.493888 29.711394
-31.523201 29.689866
-31.581395 29.629449
-31.634162 29.54583
-31.645835 29.526948
-31.704173 29.411946
-31.802498 29.320551
-31.830002 29.296944
-31.865282 29.267775
-31.899725 29.24361
-31.951943 29.200833
-32.064443 29.091663
-32.219459 28.934163
-32.313059 28.826379
-32.341949 28.779165
-32.448338 28.653606
-32.530283 28.565271
-32.548751 28.555137
-32.567921 28.542366
-32.7032 28.355004
-32.755013 28.262772
-32.767496 28.228059
-32.864309 28.105551
-32.886674 28.091664
-32.902226 28.078056
-33.040556 27.9
-33.071948 27.838881
-33.090839 27.79722
-33.117497 27.730269
-33.211943 27.606105
-33.310286 27.451386
-33.369731 27.351108
-33.458894 27.206388
-33.525701 27.100971
-33.5564 27.030555
-33.572915 26.988471
-33.603893 26.889165
-33.654446 26.731665
-33.700832 26.644167
-33.717095 26.628606
-33.753338 26.530551
-33.772292 26.460135
-33.765146 26.277921
-33.755417 26.256402
-33.742781 26.223327
-33.719723 26.105553
-33.714728 26.079165
-33.712226 26.058051
-33.71084 26.003052
-33.711254 25.963605
-33.718895 25.890003
-33.721946 25.86861
-33.731387 25.83027
-33.751115 25.763193
-33.767225 25.724997
-33.794441 25.675281
-33.851393 25.628607
-33.914456 25.613055
-33.937019 25.61562
-33.973199 25.65
-33.983405 25.672707
-34.02251 25.70166
-34.031951 25.701948
-34.04834 25.627221
-34.048889 25.584444
-34.034867 25.436799
-34.027496 25.392501
-34.016525 25.35264
-33.995699 25.312086
-33.986114 25.286949
-33.974729 25.243335
-33.963614 25.191387
-33.958889 25.164162
-33.961967 25.067637
-33.968051 25.022637
-33.976673 24.986664
-33.990281 24.942222
-34.00793 24.918327
-34.034867 24.918885
-34.06688 24.919299
-34.201664 24.824718
-34.191674 24.782769
-34.169723 24.654996
-34.172018 24.626178
-34.179866 24.590421
-34.170281 24.515829
-34.159868 24.474996
-34.139726 24.445827
-34.107227 24.385554
-34.046954 24.043887
-33.989444 23.694444
-33.983891 23.6493
-33.98498 23.640066
-33.984458 23.615559
-33.986393 23.585283
-33.99056 23.545827
-34.008056 23.451948
-34.029098 23.389299
-34.050284 23.369031
-34.090901 23.366178
-34.09361 23.240835
-34.08389 23.067216
-34.091387 22.959441
-34.046603 22.812462
-34.011116 22.783338
-34.011179 22.539168
-34.032509 22.515003
-34.053614 22.479444
-34.064171 22.43889
-34.067915 22.402638
-34.061957 22.364163
-34.054442 22.297221
-34.07723 22.20111
-34.089452 22.1625
-34.107227 22.133475
-34.135559 22.116942
-34.230284 21.943881
-34.258895 21.916665
-34.28 21.913749
-34.307504 21.916944
-34.33778 21.899583
-34.373339 21.83166
-34.383059 21.8025
-34.396946 21.725559
-34.389449 21.648609
-34.37792 21.608325
-34.363619 21.580272
-34.35542 21.556944
-34.352225 21.532086
-34.36028 21.496941
-34.386353 21.425517
-34.416944 21.371949
-34.432784 21.30138
-34.431812 21.280689
-34.415 21.210282
-34.406387 21.187215
-34.396388 21.16611
-34.386389 21.136662
-34.368335 21.0825
-34.363889 21.062772
-34.360838 20.965554
-34.36028 20.942496
-34.371674 20.886948
-34.401113 20.849445
-34.458614 20.798613
-34.445285 20.722221
-34.44056 20.686113
-34.440821 20.662461
-34.446113 20.595834
-34.45361 20.54403
-34.464725 20.504448
-34.472501 20.481111
-34.480835 20.462769
-34.504721 20.433744
-34.532783 20.413188
-34.554446 20.393892
-34.660835 20.230272
-34.676675 20.185839
-34.710011 20.119446
-34.726391 20.089719
-34.774172 20.0475
-34.821998 19.999998
-34.820837 19.991664
-34.812503 19.959579
-34.795835 19.929996
-34.782083 19.913607
-34.761941 19.880001
-34.7525 19.857771
-34.754444 19.713609
-34.761626 19.678059
-34.773128 19.646451
-34.748063 19.602216
-34.708616 19.541943
-34.675568 19.516392
-34.621946 19.423611
-34.595279 19.320408
-34.530704 19.364031
-34.493336 19.353609
-34.463618 19.336662
-34.446941 19.324161
-34.428059 19.307637
-34.409177 19.278189
-34.41167 19.247634
-34.426466 19.213686
-34.408475 19.120347
-34.374176 19.100277
-34.346393 19.083339
-34.341119 18.999441
-34.35695 18.913608
-34.378064 18.851391
-34.378892 18.81972
-34.358336 18.804582
-34.30862 18.808605
-34.279442 18.828054
-34.256807 18.842922
-34.153334 18.854586
-34.107155 18.823473
-34.088894 18.799029
-34.077923 18.752634
-34.074449 18.705825
-34.073621 18.601947
-34.079174 18.54666
-34.087553 18.512775
-34.099442 18.485973
-34.141256 18.442215
-34.175069 18.441801
-34.234451 18.478881
-34.34831 18.485028
-34.344728 18.457632
-34.323056 18.420273
-34.302779 18.404721
-34.255835 18.380277
-34.035551 18.310554
-33.910703 18.384795
-33.902783 18.415134
-33.911666 18.445554
-33.81722 18.466668
-33.701948 18.439029
-33.485003 18.308889
-33.466121 18.294714
-33.430553 18.26388
-33.415838 18.248886
-33.34112 18.160551
-33.250553 18.107775
-33.203888 18.117216
-33.180281 18.127638
-33.026003 18.027999
-33.002846 17.995212
-33.010595 17.952705
-33.043643 17.913195
-33.000839 17.876106
-32.830838 17.847504
-32.811956 17.867502
-32.774174 17.902773
-32.732783 17.986392
-32.768054 18.037773
-32.77862 18.059301
-32.78087 18.113562
-32.670701 18.261243
-32.62931 18.289719
-32.585696 18.30861
-32.539175 18.323892
-32.487785 18.333747
-32.288408 18.349866
-32.247224 18.343323
-32.219306 18.336528
-32.180003 18.319446
-32.147225 18.311949
-31.950557 18.271665
-31.927499 18.274437
-31.902992 18.27909
-31.734584 18.217917
-31.670558 18.178056
-31.594445 18.114444
-31.551677 18.07722
-31.517225 18.044856
-31.387778 17.933058
-31.359725 17.909442
-31.330835 17.88777
-31.218605 17.804304
-31.192784 17.787501
-31.155713 17.766711
-31.090553 17.725824
-30.933611 17.615277
-30.69584 17.482221
-30.617225 17.448327
-30.595283 17.439165
-30.558059 17.420004
-30.455558 17.353188
-30.433409 17.332983
-30.342293 17.277921
-30.202496 17.229447
-30.070556 17.181108
-29.922785 17.118477
-29.898611 17.106948
-29.840282 17.086113
-29.717783 17.058888
-29.682368 17.054298
-29.519729 17.001387
-29.362922 16.934715
-29.333339 16.910829
-29.156669 16.834446
-29.094371 16.818327
-28.90223 16.667217
-28.883888 16.644996
-28.876463 16.61472
-28.698056 16.533054
-28.645838 16.491663
-28.608335 16.483329
-28.578185 16.489593
-28.614617 16.451631
-28.591118 16.393329
-28.562786 16.354449
-28.399175 16.171947
-28.383893 16.158051
-28.337498 16.117218
-28.266389 16.049718
-28.241675 16.023195
-28.229165 15.9975
-28.214999 15.973326
-28.162781 15.898608
-28.034162 15.75639
-28.011113 15.736113
-27.956105 15.689718
-27.929177 15.676524
-27.909098 15.682707
-27.873476 15.671394
-27.843893 15.646941
-27.797498 15.605559
-27.767231 15.57027
-27.754442 15.552504
-27.730421 15.531048
-27.681812 15.521949
-27.661463 15.531111
-27.626948 15.519168
-27.455003 15.399162
-27.407222 15.360552
-27.322496 15.294168
-27.302228 15.28722
-27.21473 15.264369
-27.162224 15.270003
-26.969444 15.235272
-26.936675 15.218613
-26.923337 15.202215
-26.918333 15.179166
-26.902781 15.157773
-26.783891 15.112503
-26.735282 15.094998
-26.69687 15.084027
-26.649998 15.079716
-26.634176 15.094026
-26.631701 15.131736
-26.674658 15.136812
-26.62334 15.166665
-26.601668 15.171804
-26.47862 15.131106
-26.447084 15.117363
-26.403164 15.088095
-26.375003 15.047496
-26.36486 15.023187
-26.353619 14.991948
-26.340146 14.969862
-26.308052 14.959161
-26.137367 14.947362
-26.130212 14.974299
-26.088893 14.981661
-26.063477 14.980833
-26.014166 14.969448
-25.987778 14.957496
-25.963055 14.935554
-25.936811 14.915277
-25.76195 14.837769
-25.741943 14.834313
-25.63361 14.849163
-25.590284 14.864715
-25.567289 14.880897
-25.418609 14.840973
-25.401392 14.830002
-25.379171 14.817078
-25.280414 14.800977
-25.253333 14.81166
-25.187498 14.83416
-25.087229 14.857776
-25.058888 14.85666
-25.011395 14.838894
-24.999434 14.832072
-24.956675 14.801112
-24.937919 14.791662
-24.893054 14.787081
-24.858548 14.794299
-24.804026 14.779296
-24.714026 14.729445
-24.642224 14.664717
-24.578756 14.606811
-24.559865 14.598054
-24.521111 14.605101
-24.486812 14.619312
-24.461666 14.614308
-24.359723 14.570838
-24.333614 14.554449
-24.251948 14.510835
-24.199442 14.488335
-24.153335 14.472774
-24.10334 14.46264
-23.98778 14.455269
-23.958611 14.460066
-23.826392 14.510277
-23.616944 14.500557
-23.58278 14.495004
-23.553476 14.480901
-23.451389 14.440833
-23.414579 14.434308
-23.392916 14.441247
-23.346044 14.473683
-23.373125 14.481567
-23.350562 14.496111
-23.324309 14.498055
-23.239583 14.482782
-23.166395 14.461389
-23.146397 14.453883
-23.14223 14.451111
-23.124176 14.440554
-23.099444 14.431113
-23.026319 14.409306
-22.967225 14.410557
-22.882229 14.436603
-22.926527 14.447772
-22.960556 14.444721
-22.997015 14.462361
-22.926041 14.517081
-22.881599 14.535
-22.801805 14.539023
-22.720004 14.529168
-22.692068 14.524848
-22.667957 14.527404
-22.629023 14.524578
-22.552784 14.511393
-22.334444 14.416389
-22.283477 14.387634
-22.12334 14.285826
-21.940559 14.127777
-21.914027 14.102496
-21.862223 14.042502
-21.778892 13.952673
-21.734657 13.967982
-21.701942 13.95666
-21.674447 13.935555
-21.594581 13.877919
-21.548888 13.865976
-21.507713 13.859163
-21.431528 13.812777
-21.394169 13.779162
-21.296105 13.701105
-21.129173 13.576941
-20.862368 13.403889
-20.824442 13.384998
-20.804444 13.377771
-20.78153 13.374585
-20.73986 13.376394
-20.703887 13.369446
-20.646665 13.352769
-20.555765 13.306392
-20.520071 13.279104
-20.469311 13.252635
-20.433059 13.244166
-20.402504 13.242222
-20.373056 13.238892
-20.307779 13.223889
-20.287502 13.217499
-20.238335 13.198887
-20.180834 13.175001
-20.154725 13.159719
-20.131109 13.14027
-20.115071 13.116663
-20.099447 13.084443
-20.073608 13.055688
-20.046392 13.041945
-20.001392 13.030272
-19.909448 12.98916
-19.891394 12.979719
-19.87334 12.970269
-19.823894 12.944448
-19.789307 12.927771
-19.598336 12.811941
-19.565 12.791394
-19.539089 12.77334
-19.417778 12.707217
-19.399175 12.698613
-19.369448 12.688056
-19.261673 12.639996
-19.152503 12.586941
-19.067786 12.54222
-18.928052 12.460833
-18.899171 12.441663
-18.866528 12.418749
-18.717227 12.306663
-18.700838 12.290832
-18.650555 12.230838
-18.638621 12.213612
-18.626948 12.196665
-18.612782 12.174579
-18.593054 12.146112
-18.577781 12.125556
-18.535553 12.083058
-18.471113 12.020832
-18.413333 11.997918
-18.374309 11.997504
-18.265832 11.953053
-18.247778 11.943891
-18.180557 11.892366
-18.139166 11.847078
-18.086255 11.807217
-17.988191 11.767635
-17.961812 11.76111
-17.830286 11.741949
-17.761949 11.732499
-17.564165 11.716668
-17.539172 11.716389
-17.483606 11.717217
-17.457227 11.720556
-17.372231 11.73222
-17.329724 11.747772
-17.309177 11.749716
-17.265005 11.753739
-17.254835 11.752785
-17.139446 11.758338
-16.965836 11.771946
-16.826525 11.773188
-16.791389 11.8125
-16.702496 11.821113
-16.672778 11.82222
-16.503056 11.820834
-16.471664 11.819718
-16.447229 11.817783
-16.423334 11.815551
-16.370558 11.810277
-16.3475 11.807496
-16.241948 11.794167
-16.196111 11.786391
-16.089173 11.781531
-16.052786 11.791395
-16.02458 11.805552
-16.00028 11.810277
-15.967916 11.802915
-15.924311 11.771388
-15.878753 11.741247
-15.8507 11.731248
-15.819731 11.741391
-15.783686 11.773476
-15.77924 11.811663
-15.79958 11.827638
-15.787916 11.8575
-15.755138 11.890836
-15.596531 12.005973
-15.569441 12.015
-15.495281 12.034026
-15.463952 12.036033
-15.428339 12.03084
-15.401942 12.030282
-15.218333 12.057498
-15.114167 12.106107
-14.988608 12.159162
-14.877782 12.205269
-14.789447 12.247497
-14.752367 12.273606
-14.668055 12.277773
-14.6375 12.282219
-14.529167 12.300552
-14.466113 12.315834
-14.424164 12.332214
-14.396948 12.340422
-14.307497 12.347775
-14.260004 12.341601
-14.230556 12.326247
-14.190002 12.317292
-14.104997 12.332214
-14.041394 12.357774
-13.950557 12.408606
-13.877288 12.482847
-13.844447 12.504582
-13.577633 12.535974
-13.56794 12.531951
-13.552919 12.523059
-13.424372 12.512709
-13.400279 12.539997
-13.192496 12.766662
-13.085837 12.862503
-12.994163 12.938328
-12.947993 12.961872
-12.926663 12.951108
-12.856661 12.927078
-12.826808 12.932424
-12.784445 12.969999
-12.655556 13.125276
-12.609584 13.198059
-12.613058 13.23
-12.603473 13.354443
-12.59 13.375836
-12.508613 13.459158
-12.484025 13.472496
-12.456665 13.473747
-12.434723 13.473333
-12.405554 13.485834
-12.372227 13.508055
-12.35069 13.525272
-12.323051 13.556664
-12.312368 13.575969
-12.169727 13.662504
-11.936105 13.764168
-11.794724 13.792086
-11.758895 13.794444
-11.748752 13.792878
-11.715767 13.786452
-11.57723 13.775274
-11.516948 13.778892
-11.334023 13.791528
-11.30309 13.816278
-11.095559 13.847769
-11.002922 13.85361
-10.956113 13.849443
-10.921598 13.836033
-10.851389 13.781943
-10.765493 13.724505
-10.730285 13.740552
-10.700342 13.769586
-10.672847 13.768335
-10.643057 13.746393
-10.531394 13.642497
-10.423745 13.538889
-10.398059 13.523193
-10.374578 13.520835
-10.346525 13.529718
-10.282085 13.511394
-10.251098 13.488318
-10.241108 13.479714
-10.196666 13.44861
-9.963188 13.316049
-9.950417 13.334373
-9.909728 13.329162
-9.851813 13.304718
-9.828611 13.290273
-9.775556 13.253337
-9.648476 13.222215
-9.61334 13.223475
-9.408608 13.169997
-9.337706 13.142376
-9.301112 13.116663
-9.081251 12.984579
-9.022022 13.002786
-8.961641 13.028706
-8.917343 13.07628
-8.881667 13.131324
-8.907011 13.104009
-8.927189 13.08843
-8.942282 13.070376
-8.955836 13.055004
-8.986112 13.029714
-9.034442 13.007502
-9.054728 13.000554
-9.086948 13.013613
-9.024731 13.055274
-8.95778 13.099716
-8.861606 13.190274
-8.804519 13.227705
-8.78111 13.27833
-8.768339 13.360275
-8.740286 13.3875
-8.65916 13.407498
-8.630765 13.400271
-8.581427 13.368771
-8.504441 13.351113
-8.467496 13.349583
-8.458757 13.379238
-8.393759 13.391811
-8.329256 13.369869
-8.300555 13.351941
-8.257229 13.319163
-8.165834 13.25916
-8.065556 13.215555
-8.028611 13.199715
-8.009162 13.19472
-7.914446 13.155273
-7.821665 13.116105
-7.802783 13.107771
-7.79201 13.101264
-7.77473 13.087773
-7.750133 13.072365
-7.593335 13.010274
-7.526663 12.984444
-7.438058 12.951666
-7.268606 12.869163
-7.087229 12.841947
-7.019441 12.833055
-6.990551 12.828339
-6.950285 12.817782
-6.766388 12.665556
-6.695279 12.598605
-6.670556 12.567636
-6.655004 12.548889
-6.632783 12.536109
-6.473609 12.461949
-6.257231 12.362778
-6.222779 12.340827
-6.195284 12.313323
-6.134444 12.263337
-6.10361 12.246246
-6.077636 12.256596
-6.063335 12.279996
-6.059861 12.305835
-6.097499 12.314448
-6.076943 12.408336
-6.048053 12.527775
-6.03611 12.580002
-6.019163 12.727773
-6.016526 12.795003
-6.006941 12.82653
-5.976107 12.891663
-5.94584 12.930687
-5.918894 12.945276
-5.899445 12.953052
-5.884442 12.979863
-5.878475 13.059297
-5.898338 13.091949
-5.89139 13.125555
-5.863859 13.17258
-5.856326 13.17888
-5.86916 13.107915
-5.843339 12.998052
-5.827706 12.974787
-5.811947 12.897918
-5.86097 12.758193
-5.911946 12.722634
-5.950763 12.714237
-5.979311 12.659715
-6.006941 12.524715
-6.016661 12.43584
-5.864714 12.265002
-5.812919 12.234996
-5.768558 12.214557
-5.714162 12.176109
-5.677424 12.154788
-5.614586 12.152772
-5.581394 12.162078
-5.538473 12.182634
-5.528816 12.22542
-5.501528 12.232638
-5.476949 12.228606
-5.323337 12.176109
-5.293889 12.163887
-5.228333 12.130551
-5.146388 12.083607
-5.122502 12.06639
-5.088887 12.045276
-5.039864 12.018474
-5.014997 12.026124
-5.014925 12.001032
-4.924727 11.932785
-4.804163 11.826108
-4.777217 11.806596
-4.68611 11.784996
-4.628609 11.783889
-4.604579 11.79819
-4.57181 11.793339
-4.542632 11.77416
-4.516109 11.752776
-4.498613 11.735838
-4.471667 11.707218
-4.409306 11.638476
-4.347503 11.55861
-4.190138 11.380419
-4.161941 11.36403
-4.11416 11.356947
-4.09292 11.343195
-4.067081 11.313612
-3.991112 11.216943
-3.945833 11.16
-3.925277 11.140668
-3.851945 11.045133
-3.805415 11.009313
-3.744026 10.985553
-3.721256 10.986111
-3.696524 10.976526
-3.675284 10.960272
-3.640004 10.926531
-3.552785 10.827504
-3.530834 10.801107
-3.496949 10.752219
-3.471947 10.714167
-3.345479 10.645974
-3.308894 10.62972
-3.285836 10.611666
-3.16889 10.501389
-3.104162 10.435275
-2.978612 10.301949
-2.902499 10.198323
-2.885552 10.173888
-2.804444 10.068606
-2.785283 10.046106
-2.737025 9.992925
-2.71889 9.967221
-2.69972 9.945
-2.650976 9.889866
-2.491523 9.739161
-2.447918 9.702504
-2.480219 9.740862
-2.495438 9.769059
-2.501243 9.799929
-2.500838 9.830277
-2.582783 9.970695
-2.61764 9.974655
-2.639717 10.016109
-2.57507 10.156455
-2.523887 10.133469
-2.493332 10.076112
-2.537504 10.003338
-2.561111 9.981387
-2.54528 9.958608
-2.475557 9.911943
-2.419442 9.868059
-2.430341 9.814239
-2.45528 9.794376
-2.478815 9.761733
-2.439503 9.72342
-2.426111 9.665559
-2.394161 9.631944
-2.370689 9.610974
-2.339099 9.589374
-2.291948 9.578817
-2.255003 9.580554
-2.217914 9.575271
-2.188187 9.555273
-2.133332 9.503748
-2.116664 9.485271
-2.090132 9.453195
-2.060972 9.424161
-2.00924 9.376875
-1.936664 9.336942
-1.907504 9.322497
-1.917503 9.44334
-1.970558 9.473607
-2.007215 9.48834
-2.068397 9.536877
-2.057498 9.562365
-2.034719 9.566388
-1.926944 9.518058
-1.858544 9.477081
-1.823336 9.373194
-1.856663 9.348057
-1.857221 9.316395
-1.849445 9.262773
-1.782287 9.243819
-1.75319 9.250974
-1.721942 9.253476
-1.621943 9.233469
-1.595834 9.221949
-1.561112 9.202221
-1.529999 9.182214
-1.470554 9.12861
-1.392785 9.069444
-1.373336 9.05472
-1.336112 9.030285
-1.304432 9.011259
-1.243052 8.985483
-1.265147 8.997903
-1.306907 9.016389
-1.325546 9.040158
-1.340279 9.075555
-1.407221 9.116388
-1.530278 9.233325
-1.63889 9.291105
-1.629161 9.361944
-1.651661 9.391662
-1.672784 9.41166
-1.614167 9.422775
-1.610837 9.451665
-1.610558 9.495837
-1.596662 9.513891
-1.548332 9.483606
-1.514861 9.436392
-1.563335 9.391941
-1.575836 9.347499
-1.583891 9.309717
-1.570418 9.288333
-1.498607 9.251388
-1.470689 9.279585
-1.399715 9.336942
-1.363895 9.349722
-1.341944 9.352782
-1.285595 9.333432
-1.308266 9.326943
-1.345004 9.337086
-1.369718 9.327771
-1.383893 9.304443
-1.411253 9.224721
-1.412288 9.176526
-1.315286 9.046665
-1.297637 9.026667
-1.269998 9.016947
-1.235834 9.020835
-1.159721 8.999442
-1.008053 8.896941
-0.853613 8.807778
-0.813887 8.786394
-0.641105 8.710002
-0.603053 8.70084
-0.581048 8.704449
-0.614168 8.751105
-0.642221 8.776395
-0.681668 8.79111
-0.721943 8.864163
-0.756107 8.958474
-0.813887 9.007776
-0.679166 9.087291
-0.632222 9.08847
-0.604718 9.098892
-0.585692 9.114165
-0.562634 9.139167
-0.539999 9.164448
-0.514718 9.186948
-0.40778 9.272781
-0.371663 9.298332
-0.342845 9.30951
-0.29861 9.310554
-0.271115 9.305361
-0.249722 9.305559
-0.212498 9.307575
-0.183608 9.316809
-0.151811 9.326664
-0.117917 9.341109
-0.074447 9.344718
-0.04931 9.339444
-0.018818 9.339507
0.000001 9.349587
0.007849 9.350901
0.065557 9.341739
0.175834 9.320004
0.284167 9.30222
0.317368 9.305838
0.362017 9.350838
0.328339 9.372501
0.203608 9.381663
0.167221 9.466947
0.164449 9.489447
0.162784 9.563328
0.128611 9.706392
0.116254 9.746523
0.131662 9.789714
0.185284 9.921105
0.183889 9.858051
0.178606 9.826524
0.181666 9.788337
0.185554 9.767781
0.219709 9.680472
0.275041 9.590769
0.298468 9.550035
0.29368 9.497709
0.359443 9.460278
0.401662 9.441387
0.45361 9.418887
0.479305 9.407079
0.5284 9.353475
0.525691 9.330345
0.526393 9.30861
0.580969 9.305136
0.621451 9.315072
0.676108 9.51777
0.672499 9.542214
0.647785 9.558333
0.594721 9.584028
0.572086 9.587637
0.521389 9.584721
0.497503 9.581949
0.481105 9.600003
0.550135 9.630414
0.58222 9.632772
0.783892 9.624996
0.820135 9.617085
0.844714 9.599094
0.955972 9.559998
0.996598 9.572013
1.020286 9.602784
1.055557 9.675972
1.058059 9.737496
1.048402 9.762363
1.00261 9.80397
1.027783 9.801666
1.074718 9.845901
1.094446 9.784719
1.100692 9.74736
1.097218 9.702216
1.088893 9.675558
1.074448 9.571248
1.12132 9.547011
1.133056 9.5175
1.133263 9.483894
1.106317 9.407772
1.149445 9.364716
1.174717 9.36027
1.291942 9.425835
1.38979 9.457983
1.426807 9.489996
1.492498 9.560556
1.587781 9.63639
1.633474 9.610974
1.660285 9.611946
1.700551 9.640269
1.741105 9.68139
1.760419 9.710478
1.888894 9.794997
1.92979 9.813402
1.99666 9.799164
2.117782 9.778059
2.319373 9.772632
2.3437 9.811764
2.349721 9.81666
2.426392 9.821394
2.460556 9.81666
2.481661 9.814446
2.542222 9.819999
2.566666 9.823329
2.846944 9.874449
2.955691 9.896247
2.984023 9.909864
3.006046 9.935208
3.033055 9.952497
3.058894 9.962217
3.08521 9.965133
3.116107 9.953892
3.166111 9.935559
3.185839 9.928611
3.247084 9.913338
3.268324 9.927936
3.302497 9.878337
3.341944 9.851949
3.396664 9.811944
3.489715 9.721944
3.506662 9.69777
3.531241 9.661662
3.587914 9.735885
3.617578 9.745776
3.599551 9.708543
3.593737 9.665496
3.597229 9.62712
3.646666 9.63666
3.789586 9.554031
3.811528 9.543051
3.857221 9.640557
3.842497 9.721665
3.865285 9.722502
3.901105 9.677772
3.949444 9.613053
4.030003 9.528327
4.069441 9.498681
4.101616 9.50067
4.11292 9.488367
4.077496 9.448605
4.072663 9.449586
4.064446 9.455823
4.018438 9.507501
3.982366 9.528399
3.908053 9.468333
3.899449 9.434997
3.899998 9.397782
3.9025 9.372771
3.912499 9.344925
3.922084 9.33156
3.942217 9.309996
3.998332 9.215001
4.031668 9.102501
4.061107 9.039447
4.099789 8.974098
4.148605 8.976663
4.169449 8.983323
4.206394 8.988192
4.242916 8.960688
4.259449 8.941113
4.297078 8.924445
4.372219 8.905554
4.45069 8.897499
4.49389 8.908056
4.515832 8.923608
4.538476 8.931807
4.588336 8.898606
4.637845 8.841285
4.612078 8.841393
4.591108 8.864721
4.548439 8.873649
4.540834 8.784864
4.576186 8.726112
4.681387 8.666388
4.643893 8.668053
4.584718 8.675001
4.55347 8.686665
4.543741 8.711667
4.522078 8.724168
4.502638 8.71416
4.503682 8.537364
4.523545 8.508402
4.554442 8.502363
4.628611 8.510553
4.668607 8.525556
4.805137 8.583606
4.810933 8.591733
4.82041 8.585217
4.806523 8.553195
4.767769 8.534313
4.743613 8.536797
4.719718 8.540973
4.701664 8.528193
4.699864 8.506944
4.703887 8.478612
4.750282 8.401662
4.806109 8.342775
4.856662 8.274717
4.842721 8.271693
4.825972 8.259444
4.807918 8.270559
4.780279 8.29764
4.75903 8.314029
4.632013 8.359371
4.547503 8.29368
4.542364 8.269866
4.550554 8.118333
4.551391 8.022501
4.518613 7.768611
4.502215 7.723611
4.497499 7.69527
4.496941 7.673895
4.525552 7.561395
4.539997 7.537221
4.626667 7.530552
4.672711 7.533333
4.706551 7.550406
4.705552 7.546113
4.690693 7.523748
4.62187 7.516458
4.604104 7.528743
4.569787 7.506108
4.550284 7.447221
4.557781 7.272504
4.563613 7.23861
4.627216 7.179714
4.753054 7.074306
4.719106 7.059501
4.669795 7.090695
4.652497 7.118334
4.635415 7.14798
4.604446 7.169715
4.584448 7.176105
4.506949 7.179444
4.473955 7.165206
4.434715 7.073055
4.438054 7.042779
4.497769 7.019721
4.575286 7.003332
4.623058 7.027497
4.644307 7.039305
4.700791 7.009263
4.724866 6.963894
4.676941 6.899715
4.653892 6.906393
4.478338 6.978888
4.459447 6.987501
4.437217 6.998607
4.41334 7.01181
4.386871 7.023816
4.371319 7.008678
4.372219 6.961392
4.39264 6.871662
4.524166 6.821667
4.763476 6.762843
4.492216 6.806394
4.462219 6.816663
4.414996 6.834996
4.377502 6.850836
4.348333 6.848613
4.33666 6.794163
4.33666 6.738336
4.348189 6.72048
4.457215 6.709167
4.496662 6.712362
4.524166 6.720003
4.551391 6.734313
4.575556 6.742215
4.603546 6.732423
4.507498 6.656949
4.427848 6.664923
4.393189 6.687639
4.331809 6.692364
4.325554 6.630552
4.326661 6.574446
4.322215 6.493608
4.312216 6.405003
4.294585 6.300558
4.30156 6.251184
4.336948 6.253335
4.37653 6.282288
4.424446 6.322707
4.449997 6.252786
4.386106 6.233058
4.305835 6.215004
4.282777 6.172218
4.272841 6.111738
4.288051 6.057783
4.338334 5.935833
4.38139 5.868612
4.489444 5.736942
4.558339 5.669442
4.635415 5.599305
4.655836 5.582367
4.680001 5.566113
4.7575 5.523606
4.805839 5.497497
4.835557 5.485284
4.923055 5.451948
5.116528 5.384232
5.135347 5.399721
5.13334 5.435415
5.117635 5.453892
5.091112 5.470551
5.144923 5.493402
5.187367 5.455692
5.165695 5.446314
5.156389 5.414715
5.160556 5.368338
5.329999 5.345271
5.363056 5.452497
5.414716 5.539716
5.509441 5.620554
5.536738 5.636043
5.508613 5.543613
5.476807 5.506668
5.436667 5.503545
5.408056 5.487219
5.393611 5.427504
5.390137 5.37597
5.433193 5.261949
5.504716 5.193189
5.540896 5.188401
5.577634 5.214789
5.581387 5.27778
5.580001 5.297769
5.564998 5.380002
5.580208 5.502537
5.616946 5.502501
5.653054 5.445972
5.642083 5.413473
5.574862 5.182083
5.604166 5.142222
5.69764 5.086665
5.734306 5.083605
5.857498 5.000004
5.924449 4.948605
6.014161 4.872501
6.135976 4.746393
6.170977 4.705974
6.299164 4.533741
6.316111 4.501944
6.329656 4.466637
6.338332 4.454721
6.34861 4.437216
6.359923 4.410207
6.368608 4.37292
6.372154 4.322502
6.37777 4.300002
6.40972 4.085838
6.421393 3.991113
6.42277 3.956661
6.426109 3.845277
6.426667 3.747501
6.419719 3.694167
6.413887 3.566664
6.412501 3.535002
6.409441 3.444714
6.40972 3.413052
6.445135 3.391317
6.453469 3.434445
6.449716 3.506661
6.449581 3.538053
6.532777 3.730554
6.601528 3.852387
6.612778 3.807216
6.613057 3.76722
6.603769 3.713418
6.564448 3.650553
6.521392 3.526389
6.54139 3.478365
6.590206 3.479031
6.578335 3.443058
6.548338 3.402639
6.447502 3.370833
6.414715 3.385692
6.385555 3.319164
6.377086 3.107367
6.3775 3.066948
6.379165 3.040281
6.383476 3.020004
6.390001 2.973888
6.389443 2.934441
6.384997 2.881395
6.382216 2.857221
6.365512 2.719611
6.356107 2.643057
6.345001 2.539998
6.340483 2.484414
6.338611 2.480004
6.333058 2.455002
6.329998 2.404719
6.330421 2.362779
6.328612 2.331108
6.323338 2.275839
6.29416 2.056113
6.282109 1.987353
6.275269 1.926945
6.257503 1.803339
6.238054 1.697499
6.221107 1.639998
6.218722 1.635399
6.206113 1.560555
6.186394 1.46889
6.167773 1.408887
6.165343 1.403559
6.138532 1.293957
6.100543 1.19889
6.090139 1.172214
6.069448 1.136943
6.040279 1.098891
6.020002 1.074861
5.961943 1.030554
5.913334 1.009998
5.885137 1.003266
5.852917 1.001943
5.824864 0.992367
5.797774 0.96903
5.780836 0.945
5.771944 0.919998
5.756662 0.790002
5.753854 0.687978
5.773366 0.694656
5.803192 0.666666
5.837185 0.65052
5.850001 0.657504
5.880286 0.657783
5.910283 0.650556
5.94451 0.635832
6.001246 0.581247
6.058594 0.506466
6.080833 0.447084
6.081049 0.405135
6.051322 0.380556
6.058576 0.311319
6.09139 0.278892
6.100975 0.260973
6.104863 0.237636
6.098194 0.217215
6.089698 0.208197
6.089716 0.221112
6.082633 0.252216
6.059512 0.284166
6.038821 0.309519
6.035833 0.32238
6.023332 0.353745
6.026248 0.378549
6.061528 0.408474
6.06979 0.430416
6.043609 0.488889
6.03361 0.506394
5.991949 0.575001
5.973193 0.594162
5.942368 0.617778
5.884579 0.642708
5.845483 0.639531
5.759929 0.663741
5.764168 0.464715
5.77027 0.405837
5.774167 0.383337
5.77792 0.362637
5.77639 0.309717
5.757769 0.255834
5.71222 0.138339
5.668957 0.069165
5.629024 0.036387
5.578057 -0.069165
5.528332 -0.209997
5.511241 -0.266256
5.503888 -0.299448
5.493133 -0.357858
5.436946 -0.428337
5.374864 -0.485073
5.354164 -0.534168
5.351662 -0.579447
5.327497 -0.649719
5.305132 -0.694161
5.290417 -0.710694
5.268052 -0.729306
5.207842 -0.798129
5.200282 -0.9
5.196106 -0.982917
5.197915 -1.044441
5.194441 -1.066806
5.163058 -1.129167
5.138893 -1.159722
5.124448 -1.179162
5.109166 -1.211661
5.092084 -1.260558
5.089996 -1.300833
5.065273 -1.415556
5.034997 -1.53639
5.019427 -1.568826
5.024161 -1.595133
5.016808 -1.619586
4.928032 -1.710324
4.913605 -1.736388
4.768606 -1.955835
4.730833 -2.058894
4.72708 -2.086812
4.747222 -2.104164
4.876948 -2.257218
4.891807 -2.280132
4.913893 -2.330001
4.919446 -2.351943
4.924585 -2.381256
4.931947 -2.435832
4.946392 -2.50416
4.956949 -2.548611
4.966948 -2.586663
5.006395 -2.729997
5.023054 -2.842785
5.0275 -2.865834
5.049865 -2.977497
5.063743 -3.039444
5.074714 -3.07278
5.085019 -3.103047
5.095837 -3.148605
5.117221 -3.168333
5.109544 -3.102273
5.107222 -3.041667
5.083057 -2.975553
5.10022 -2.928123
5.115133 -2.932218
5.132773 -2.89584
5.139442 -2.875284
5.14684 -2.847951
5.182777 -2.863053
5.168332 -2.929716
5.128894 -3.006108
5.142214 -3.136113
5.207365 -3.197916
5.235274 -3.197502
5.276107 -3.171393
5.315482 -3.132081
5.346946 -3.125835
5.364307 -3.140208
5.357503 -3.226113
5.332294 -3.257577
5.278051 -3.260286
5.226391 -3.265002
5.137786 -3.278475
5.119165 -3.297978
5.117365 -3.350133
5.123611 -3.398895
5.130559 -3.42639
5.140135 -3.454308
5.147497 -3.512502
5.151349 -3.550068
5.175001 -3.670281
5.191111 -3.756663
5.191597 -3.796812
5.23027 -3.952215
5.238334 -3.978333
5.256667 -4.003542
5.271661 -3.937779
5.269447 -3.889161
5.265001 -3.845286
5.258053 -3.781107
5.25916 -3.734721
5.278474 -3.714714
5.353336 -3.754449
5.370553 -3.771387
5.372632 -3.811734
5.351527 -3.805551
5.326813 -3.77514
5.276044 -3.738753
5.272498 -3.79584
5.296663 -3.848607
5.32 -3.911391
5.296663 -4.060278
5.303053 -4.323339
5.295556 -4.468059
5.278402 -4.481316
5.257216 -4.512501
5.238892 -4.605417
5.224717 -4.741668
5.212243 -4.798503
5.209714 -4.800834
5.176531 -4.807503
5.168305 -4.78728
5.197501 -4.736394
5.202775 -4.714443
5.221387 -4.555971
5.223052 -4.510557
5.220271 -4.47084
5.217778 -4.446387
5.222215 -4.405554
5.242222 -4.291668
5.255695 -4.225554
5.277214 -4.14639
5.277214 -4.126113
5.277214 -4.093191
5.274505 -4.040343
5.230972 -4.005693
5.204026 -4.195692
5.201947 -4.237785
5.201389 -4.264731
5.197501 -4.349727
5.176945 -4.630284
5.168611 -4.662576
5.152501 -4.713894
5.144446 -4.753332
5.141665 -4.778055
5.142061 -4.787685
5.140837 -4.791393
5.134717 -4.839714
5.128606 -4.893894
5.128606 -4.945833
5.13181 -4.97916
5.162986 -5.008401
5.207986 -4.998681
5.214718 -5.026662
5.201938 -5.069916
5.183875 -5.109831
5.207401 -5.16402
5.216662 -5.195835
5.214718 -5.228892
5.210947 -5.261022
5.215834 -5.27166
5.228956 -5.322915
5.201389 -5.340834
5.197753 -5.339709
5.190553 -5.319774
5.196106 -5.302989
5.191066 -5.298138
5.180689 -5.30361
5.148496 -5.353056
5.168611 -5.394996
5.154166 -5.410971
5.118472 -5.36049
5.12542 -5.279139
5.159449 -5.240286
5.199211 -5.230395
5.195557 -5.166945
5.170429 -5.133771
5.164543 -5.099742
5.185558 -5.075379
5.188474 -5.050278
5.179168 -5.028894
5.125231 -5.014206
5.100553 -5.334714
5.098339 -5.380281
5.097781 -5.400279
5.098294 -5.428386
5.091391 -5.483052
5.038894 -5.82111
5.030632 -5.859495
5.020138 -5.897502
4.997503 -5.958891
4.958893 -6.057711
4.942081 -6.076809
4.877776 -6.215004
4.868353 -6.249753
4.863889 -6.269724
4.850551 -6.316668
4.823605 -6.406389
4.768894 -6.555555
4.758193 -6.579162
4.737214 -6.59916
4.722778 -6.618888
4.691395 -6.709446
4.683745 -6.746391
4.684168 -6.78861
4.679722 -6.825555
4.670002 -6.871392
4.65715 -6.908193
4.633192 -6.923403
4.544722 -7.038189
4.529998 -7.07166
4.517632 -7.13403
4.515022 -7.194618
4.508605 -7.20666
4.452499 -7.301106
4.393477 -7.381944
4.358053 -7.418187
4.349161 -7.436394
4.344715 -7.46973
4.347217 -7.497783
4.352806 -7.525404
4.349548 -7.537662
4.343608 -7.603893
4.357009 -7.713396
4.38778 -7.776666
4.423888 -7.816662
4.452769 -7.845282
4.475557 -7.886943
4.500901 -7.946316
4.541113 -8.085555
4.561813 -8.183754
4.57084 -8.242155
4.643335 -8.33778
4.749715 -8.538057
4.796668 -8.633889
4.812364 -8.674308
4.816666 -8.709444
4.83139 -8.724726
4.914442 -8.85222
4.925836 -8.875278
4.996243 -9.030285
5.004721 -9.058338
5.055553 -9.142785
5.122774 -9.238887
5.210839 -9.352782
5.256388 -9.407781
5.270905 -9.420408
5.285278 -9.433611
5.314168 -9.459441
5.339863 -9.481671
5.41972 -9.545553
5.478337 -9.593199
5.57389 -9.733338
5.606524 -9.779445
5.860414 -10.046601
5.926942 -10.095282
6.054868 -10.240974
6.070276 -10.26639
6.083056 -10.314999
6.092632 -10.342638
6.113746 -10.36611
6.152383 -10.366758
6.16222 -10.371942
6.202675 -10.451322
6.170833 -10.452231
6.210001 -10.600839
6.217984 -10.638009
6.222502 -10.656387
6.234445 -10.691667
6.271111 -10.764162
6.30937 -10.810071
6.376393 -10.792782
6.402997 -10.806075
6.416389 -10.812231
6.441391 -10.828611
6.461947 -10.849167
6.480973 -10.871253
6.497218 -10.896111
6.537772 -10.970001
6.587281 -11.075868
6.694507 -11.351178
6.738742 -11.383128
6.769441 -11.371392
6.79618 -11.364516
6.832081 -11.381256
6.908059 -11.463336
6.927094 -11.492325
6.941107 -11.532501
6.961321 -11.573541
7.020001 -11.642499
7.037497 -11.666394
7.084162 -11.735838
7.136668 -11.819997
7.147783 -11.84166
7.166944 -11.890557
7.325281 -12.320838
7.346665 -12.380832
7.3675 -12.441663
7.373332 -12.466395
7.388605 -12.504168
7.449868 -12.494997
7.489441 -12.469725
7.525414 -12.435345
7.531948 -12.398337
7.53166 -12.359727
7.527367 -12.311046
7.551388 -12.23028
7.570837 -12.194586
7.591042 -12.184308
7.60861 -12.250971
7.584445 -12.266253
7.572781 -12.293055
7.544161 -12.392082
7.550002 -12.43278
7.55542 -12.460554
7.6375 -12.536388
7.681249 -12.594312
7.701391 -12.692214
7.740001 -12.766113
7.817779 -12.870279
7.903261 -12.958965
7.935139 -12.889998
7.964164 -12.88611
8.100001 -12.908052
8.159923 -12.948129
8.179651 -12.976524
8.212771 -12.986946
8.233606 -12.980835
8.247772 -12.974337
8.233327 -13.006665
8.194996 -13.132782
8.214166 -13.155003
8.340553 -13.215555
8.423605 -13.278051
8.497576 -13.284999
8.493607 -13.19778
8.474446 -13.175559
8.439823 -13.149441
8.369578 -13.055904
8.373655 -13.039155
8.377633 -13.035969
8.405839 -13.065552
8.421661 -13.095702
8.447464 -13.12254
8.485273 -13.095558
8.556391 -13.014441
8.56 -12.989448
8.551243 -12.930003
8.567785 -12.897504
8.58916 -12.937914
8.586667 -13.034997
8.574868 -13.103892
8.515558 -13.149027
8.539444 -13.179168
8.556949 -13.189446
8.665282 -13.240557
8.783893 -13.242501
8.819371 -13.23729
8.856046 -13.205286
8.861941 -13.132224
8.912503 -13.176387
8.948053 -13.229163
8.953606 -13.265559
8.995555 -13.286394
9.032149 -13.29561
9.042769 -13.310415
9.070075 -13.325688
9.139717 -13.269726
9.202222 -13.272786
9.205552 -13.31361
9.282772 -13.411944
9.457219 -13.520556
9.479584 -13.523337
9.560071 -13.493133
9.530551 -13.510557
9.511804 -13.522779
9.500896 -13.543749
9.541468 -13.679505
9.563329 -13.672224
9.734437 -13.60278
9.760132 -13.594725
9.801946 -13.617225
9.834616 -13.655034
9.785629 -13.646736
9.744445 -13.675554
9.73819 -13.696947
9.741106 -13.720554
9.760897 -13.747365
9.788887 -13.754997
9.838054 -13.733964
9.857773 -13.711941
9.899443 -13.688757
9.9343 -13.684725
9.952192 -13.68864
9.909307 -13.702572
9.872848 -13.732992
9.843895 -13.781808
9.849448 -13.822362
9.863335 -13.846392
9.929449 -13.922226
9.944722 -13.940838
10.03222 -14.065551
10.048195 -14.133609
10.10458 -14.22486
10.293607 -14.457501
10.415134 -14.546871
10.492921 -14.546106
10.506673 -14.535828
10.477918 -14.577156
10.469449 -14.617224
10.473328 -14.660703
10.524997 -14.667228
10.667917 -14.621949
10.697815 -14.611203
10.779715 -14.553333
10.842778 -14.516523
10.808191 -14.573475
10.740277 -14.611941
10.686664 -14.636808
10.640485 -14.698611
10.696249 -14.715972
10.756666 -14.707782
10.833607 -14.747229
10.832221 -14.772501
10.820836 -14.808609
10.917496 -14.818887
10.937215 -14.815134
10.946665 -14.779161
10.95931 -14.734863
11.028889 -14.690421
10.979029 -14.749029
10.964656 -14.86584
10.927774 -14.906943
10.90027 -14.920551
10.787293 -14.94819
10.769023 -14.984442
10.771948 -15.005421
10.782775 -15.025419
10.839862 -15.073191
10.871245 -15.080832
10.894168 -15.075072
10.956457 -15.016842
10.935838 -15.049728
10.925101 -15.086394
10.977634 -15.115698
11.065555 -15.099444
11.10277 -15.075
11.140066 -15.035346
11.195272 -15.022782
11.132218 -15.097779
11.086111 -15.152229
11.064682 -15.169482
11.041444 -15.180975
11.005282 -15.204447
10.995904 -15.232914
11.028187 -15.273126
11.065951 -15.234021
11.086651 -15.21531
11.129167 -15.202224
11.229751 -15.208821
11.213893 -15.236667
11.187775 -15.232779
11.15479 -15.220278
11.126665 -15.232428
11.125558 -15.279444
11.130553 -15.307218
11.141812 -15.353469
11.189863 -15.407784
11.287423 -15.426666
11.324719 -15.415281
11.371798 -15.386598
11.364301 -15.360282
11.363473 -15.333057
11.377774 -15.312231
11.397502 -15.289164
11.415277 -15.272361
11.425906 -15.265278
11.378773 -15.335307
11.389735 -15.361209
11.405323 -15.380766
11.383219 -15.421563
11.345536 -15.442254
11.33281 -15.501141
11.457775 -15.475284
11.585278 -15.325839
11.619307 -15.282081
11.640835 -15.187779
11.615554 -15.111738
11.581111 -15.094449
11.576395 -15.037227
11.594161 -15.027228
11.628334 -15.087231
11.656387 -15.172785
11.64916 -15.287229
11.636812 -15.324444
11.681461 -15.339033
11.68084 -15.343893
11.625004 -15.384168
11.597293 -15.371946
11.578609 -15.391107
11.55313 -15.444333
11.598742 -15.467364
11.617921 -15.455493
11.654578 -15.429312
11.676106 -15.423894
11.683666 -15.423525
11.672497 -15.451389
11.67472 -15.531111
11.690137 -15.549309
11.725417 -15.556113
11.7775 -15.530004
11.865277 -15.458607
11.880001 -15.438051
11.884996 -15.381945
11.878192 -15.355278
11.868607 -15.327081
11.865556 -15.249996
11.864998 -15.215553
11.867914 -15.194448
11.89333 -15.130836
11.851525 -15.088203
11.802637 -15.066531
11.751247 -14.975559
11.746945 -14.955975
11.754793 -14.930559
11.763217 -14.924115
11.760553 -14.929443
11.757367 -14.951529
11.820556 -15.053751
11.847079 -15.065631
11.950273 -15.022224
11.956789 -14.990895
11.958058 -14.991111
11.976301 -15.008265
11.984446 -15.075
11.953054 -15.144237
11.926945 -15.165279
11.906803 -15.194448
11.903887 -15.216813
11.92924 -15.316317
11.959444 -15.350553
11.963746 -15.370137
11.963332 -15.406389
11.958895 -15.430833
11.936458 -15.495489
11.896885 -15.539049
11.844028 -15.593202
11.805976 -15.651945
11.797867 -15.681672
11.789164 -15.742503
11.767771 -15.851943
11.735272 -15.959448
11.773612 -15.96528
11.875276 -15.92937
11.967085 -15.862914
11.984167 -15.84153
12.001186 -15.791184
11.983267 -15.769521
11.967499 -15.723891
12.002221 -15.705189
12.009907 -15.70581
11.993059 -15.730704
11.995138 -15.763653
12.012985 -15.777018
12.016666 -15.85278
11.999998 -15.898059
11.984581 -15.923889
11.951524 -15.940836
11.927917 -15.959448
11.914444 -15.977502
11.88208 -16.120071
11.905552 -16.202781
11.928187 -16.249176
11.983969 -16.287597
11.999089 -16.334469
12.03139 -16.343613
12.105838 -16.349724
12.153052 -16.332633
12.222217 -16.260003
12.248056 -16.221942
12.259441 -16.197786
12.285631 -16.139313
12.33334 -16.115283
12.285136 -16.223472
12.241108 -16.281387
12.193894 -16.350552
12.171799 -16.455285
12.184579 -16.495281
12.214027 -16.50708
12.262366 -16.549578
12.275002 -16.568055
12.335689 -16.684578
12.322423 -16.71777
12.334447 -16.730838
12.422917 -16.793199
12.44611 -16.801812
12.486394 -16.800138
12.511108 -16.786665
12.535687 -16.762365
12.632635 -16.583751
12.596113 -16.501662
12.558889 -16.42167
12.545416 -16.374375
12.56014 -16.343469
12.588895 -16.292223
12.590839 -16.233606
12.580273 -16.196391
12.605833 -16.115832
12.630484 -16.028262
12.624166 -15.997779
12.596149 -15.964713
12.577771 -15.93639
12.550834 -15.824727
12.562498 -15.803892
12.587428 -15.774309
12.586663 -15.729723
12.573055 -15.691041
12.542986 -15.677019
12.531034 -15.634449
12.560977 -15.575283
12.637081 -15.509313
12.697219 -15.528888
12.71584 -15.542082
12.78208 -15.52986
12.804166 -15.431112
12.797155 -15.399369
12.832921 -15.391809
12.831949 -15.445836
12.805768 -15.526872
12.77389 -15.55389
12.734443 -15.564582
12.716524 -15.554862
12.654442 -15.539787
12.633193 -15.551109
12.57139 -15.618609
12.55708 -15.645627
12.573532 -15.666597
12.602215 -15.667083
12.614302 -15.69834
12.619306 -15.76764
12.608056 -15.845832
12.593953 -15.905898
12.61639 -15.945417
12.653425 -15.982425
12.701395 -16.015284
12.724939 -16.021386
12.657916 -16.046109
12.634579 -16.071525
12.607849 -16.158267
12.612214 -16.205553
12.601387 -16.294176
12.582217 -16.349724
12.564163 -16.367436
12.576799 -16.421661
12.59416 -16.452225
12.671389 -16.571115
12.735415 -16.597224
12.78334 -16.593966
12.721249 -16.649028
12.685834 -16.64973
12.661318 -16.646949
12.632365 -16.646661
12.58111 -16.718058
12.564721 -16.752915
12.579031 -16.775001
12.712222 -16.793613
12.807361 -16.800147
12.827503 -16.796808
12.858193 -16.777638
12.898054 -16.757496
13.000555 -16.749171
13.026106 -16.748334
13.046662 -16.749171
13.059973 -16.750872
13.140838 -16.784442
13.27834 -16.820001
13.32334 -16.821666
13.370644 -16.817121
13.387573 -16.786107
13.41847 -16.744725
13.449718 -16.731675
13.471732 -16.70994
13.489444 -16.684308
13.475557 -16.62084
13.472002 -16.609734
13.461247 -16.590141
13.454614 -16.584345
13.436182 -16.587153
13.440835 -16.61139
13.431457 -16.621047
13.426948 -16.610553
13.402216 -16.606674
13.380553 -16.599726
13.324447 -16.576668
13.295071 -16.554726
13.256947 -16.42167
13.27555 -16.379442
13.318534 -16.249581
13.297636 -16.223751
13.257577 -16.224372
13.252636 -16.194726
13.261663 -16.171389
13.279312 -16.154865
13.281733 -16.156602
13.263679 -16.193925
13.326112 -16.224174
13.348054 -16.223607
13.377916 -16.209585
13.42486 -16.155909
13.415824 -16.123752
13.408606 -16.086528
13.40542 -16.048755
13.433059 -15.773337
13.452769 -15.636663
13.50604 -15.548607
13.484998 -15.489999
13.44736 -15.401808
13.438747 -15.358887
13.438612 -15.328332
13.451527 -15.30576
13.48597 -15.294582
13.491055 -15.297174
13.474441 -15.303204
13.454164 -15.328755
13.450276 -15.359031
13.463605 -15.397497
13.501387 -15.484383
13.528684 -15.54723
13.504168 -15.658335
13.476106 -15.722784
13.456387 -15.811947
13.431808 -16.097229
13.441105 -16.115697
13.453534 -16.140492
13.431394 -16.192503
13.399714 -16.231041
13.36042 -16.268616
13.338334 -16.331949
13.332079 -16.403544
13.355839 -16.479441
13.36861 -16.513335
13.387078 -16.504578
13.409578 -16.500969
13.565836 -16.553889
13.590001 -16.56567
13.658338 -16.620003
13.696876 -16.642152
13.752775 -16.638615
13.777084 -16.625286
13.80736 -16.599861
13.833055 -16.573059
13.842784 -16.540839
13.831948 -16.52112
13.867498 -16.497225
13.958056 -16.490835
13.862503 -16.560279
13.770442 -16.698438
13.816387 -16.735554
13.84111 -16.739442
13.953475 -16.745346
13.98277 -16.718895
13.992922 -16.687368
13.978054 -16.657497
13.961665 -16.638894
14.001661 -16.578333
14.022082 -16.572366
14.053609 -16.559442
14.104999 -16.505838
14.145832 -16.411941
14.162293 -16.365204
14.166388 -16.367427
14.162473 -16.384707
14.174443 -16.453053
14.14333 -16.513335
14.091391 -16.544169
14.067217 -16.561395
14.00347 -16.636392
13.999996 -16.660701
14.012497 -16.775838
14.090275 -16.798059
14.122774 -16.813332
14.156947 -16.857783
14.178403 -16.876665
14.263336 -16.900551
14.375557 -16.947783
14.40514 -16.972083
14.428207 -17.000631
14.441662 -17.036388
14.454028 -17.062497
14.486662 -17.089443
14.546665 -17.121672
14.613922 -17.148312
14.638339 -17.163333
14.654449 -17.175555
14.670001 -17.194725
14.688613 -17.225838
14.733325 -17.33778
14.739976 -17.390871
14.731138 -17.420922
14.708917 -17.431461
14.674717 -17.42778
14.656735 -17.446257
14.750137 -17.532783
14.769442 -17.483607
14.772367 -17.461107
14.782996 -17.423622
14.796667 -17.383338
14.869441 -17.233605
14.895559 -17.180838
14.903056 -17.166942
14.918059 -17.146116
14.931109 -17.129169
15.110272 -16.973334
15.224311 -16.879374
15.312214 -16.82973
15.384997 -16.792785
15.410557 -16.776945
15.459715 -16.742223
15.474322 -16.730649
15.482503 -16.723053
15.501943 -16.70778
15.555277 -16.670286
15.756661 -16.546392
15.786181 -16.536672
15.805558 -16.539669
15.816457 -16.547292
16.013881 -16.532496
16.060249 -16.527681
16.095835 -16.529166
16.301665 -16.53723
16.328611 -16.526673
16.373881 -16.506945
16.403329 -16.495551
16.474168 -16.47486
16.505272 -16.468893
16.530004 -16.467228
16.550002 -16.468893
16.611391 -16.467642
16.679719 -16.444449
16.763338 -16.411122
16.782769 -16.403337
16.937218 -16.340283
17.001667 -16.301106
17.031808 -16.279029
17.059312 -16.261524
17.198056 -16.200837
17.236666 -16.184727
17.357086 -16.135002
17.487496 -16.095834
17.508331 -16.089723
17.589718 -16.069446
17.611381 -16.064163
17.734582 -16.039449
17.926111 -16.037226
18.080551 -16.028622
18.161389 -16.035282
18.190063 -16.04223
18.235558 -16.051392
18.369505 -16.062984
18.404443 -16.057782
18.428608 -16.056675
18.463753 -16.064802
18.491941 -16.071948
18.526663 -16.083477
18.57889 -16.105833
18.690004 -16.144443
18.755551 -16.150554
18.870823 -16.171389
18.913051 -16.179174
18.939448 -16.188057
19.002718 -16.219242
19.043326 -16.232229
19.094446 -16.25778
19.111105 -16.269444
19.127773 -16.281387
19.20403 -16.34931
19.216387 -16.368336
19.255402 -16.463061
19.336393 -16.499169
19.352215 -16.51167
19.370062 -16.456257
19.393741 -16.380693
19.422496 -16.349445
19.437499 -16.335558
19.467496 -16.309449
19.538335 -16.286184
19.529722 -16.356924
19.477918 -16.426251
19.445347 -16.429932
19.408879 -16.440552
19.410067 -16.461738
19.448605 -16.468893
19.536391 -16.427223
19.559665 -16.405389
19.575919 -16.383132
19.633744 -16.334442
19.79389 -16.233057
19.88722 -16.243335
20.000827 -16.216668
20.226106 -16.196805
20.288539 -16.23681
20.377504 -16.314165
20.432782 -16.337223
20.526112 -16.377786
20.603053 -16.415838
20.669446 -16.452225
20.725975 -16.495704
20.733607 -16.527915
20.704717 -16.534449
20.627497 -16.532784
20.566036 -16.540074
20.590003 -16.577496
20.610838 -16.599726
20.661391 -16.648335
21.113605 -16.889166
21.142504 -16.903197
21.15847 -16.923681
21.065554 -16.987779
21.015856 -16.998408
20.974717 -16.995555
20.844721 -17.025282
20.783053 -17.044731
20.76409 -17.052327
20.767393 -17.057034
20.837431 -17.10153
20.943748 -17.094375
21.097504 -17.063622
21.285001 -17.029449
21.365272 -17.021115
21.441106 -17.010567
21.463057 -17.005833
21.553606 -16.981947
21.625273 -16.968888
21.707497 -16.959996
21.774997 -16.964172
21.82222 -16.959447
21.833335 -16.956945
21.945421 -16.916256
22.073473 -16.851942
22.260826 -16.719444
22.292983 -16.66521
22.276531 -16.635762
22.281391 -16.59861
22.305835 -16.534728
22.325347 -16.498125
22.384027 -16.465419
22.412503 -16.460559
22.520269 -16.4241
22.544218 -16.389036
22.564585 -16.362711
22.634722 -16.345836
22.687498 -16.340004
22.719448 -16.342497
22.756942 -16.337079
22.794445 -16.323606
22.899853 -16.267293
22.914298 -16.228476
22.932217 -16.200837
22.948471 -16.185555
22.988881 -16.163892
23.024719 -16.152363
23.063887 -16.151391
23.085001 -16.178337
23.248054 -16.109442
23.328334 -16.072497
23.345695 -16.054308
23.362786 -16.03584
23.392639 -16.012638
23.415274 -15.996942
23.447638 -15.980553
23.497219 -15.969996
23.517217 -15.962778
23.583475 -15.921666
23.638609 -15.882786
23.652775 -15.868611
23.683816 -15.830001
23.786524 -15.764724
23.858056 -15.760278
23.909437 -15.779448
23.82292 -15.874722
23.803894 -15.890832
23.784031 -15.902082
23.718889 -15.927084
23.682214 -15.943338
23.6485 -15.993972
23.788054 -15.933051
23.821948 -15.911667
23.868613 -15.866388
23.901724 -15.832224
23.984992 -15.702786
24.060556 -15.582231
24.126112 -15.526107
24.201109 -15.4575
24.277222 -15.362496
24.331942 -15.298335
24.355 -15.282225
24.394996 -15.256665
24.412501 -15.245559
24.439717 -15.229863
24.491944 -15.173334
24.50764 -15.138333
24.517216 -15.100839
24.525973 -15.062229
24.54166 -15.031395
24.689647 -14.900904
24.918607 -14.834583
25.038055 -14.830551
25.071949 -14.833332
25.091947 -14.845284
25.11334 -14.847363
25.213879 -14.845977
25.290001 -14.828895
25.341112 -14.815557
25.431247 -14.790969
25.480558 -14.75361
25.623883 -14.68278
25.732774 -14.648058
25.773742 -14.629023
25.806943 -14.608053
25.830271 -14.588055
25.854301 -14.564862
25.89292 -14.538474
25.934446 -14.517225
25.987501 -14.497227
26.000272 -14.493051
26.015275 -14.489163
26.055838 -14.48361
26.098741 -14.479308
26.126875 -14.489307
26.163325 -14.48334
26.247502 -14.4225
26.260687 -14.406525
26.269165 -14.374728
26.276383 -14.34528
26.283052 -14.321664
26.297353 -14.296662
26.335558 -14.251941
26.366113 -14.220702
26.397496 -14.197779
26.430553 -14.106105
26.435269 -14.066946
26.44354 -14.032782
26.510419 -13.907916
26.625556 -13.709727
26.682364 -13.624029
26.703055 -13.601106
26.731666 -13.57416
26.764165 -13.548474
26.820829 -13.517784
26.850556 -13.503888
26.90083 -13.481388
27.06472 -13.427496
27.098056 -13.417227
27.118054 -13.416948
27.145 -13.414716
27.169444 -13.409442
27.197218 -13.397229
27.237295 -13.371732
27.259714 -13.350285
27.279721 -13.333608
27.328051 -13.303332
27.445411 -13.247784
27.516529 -13.220703
27.666955 -13.174965
27.682219 -13.169583
27.700687 -13.151394
27.713053 -13.115835
27.738613 -13.067784
27.758188 -13.039866
27.777358 -13.022361
27.819721 -13.002498
27.860833 -12.985281
27.889444 -12.977217
27.920485 -12.962709
27.954163 -12.902499
27.96472 -12.846393
27.978886 -12.764448
27.985555 -12.704724
27.990271 -12.614724
28.031113 -12.382497
28.083889 -12.063051
28.148059 -11.941947
28.226395 -11.732778
28.260001 -11.641392
28.290556 -11.546667
28.303741 -11.511945
28.340416 -11.451105
28.524718 -11.303334
28.556947 -11.261106
28.642771 -11.162502
28.700209 -11.102157
28.736668 -11.08278
28.756387 -11.054448
28.818883 -10.92528
28.917496 -10.720278
28.947502 -10.639584
28.962082 -10.61361
29.00611 -10.550556
29.028331 -10.521108
29.045422 -10.500975
29.097217 -10.441665
29.11771 -10.430766
29.168605 -10.394442
29.229166 -10.347633
29.263339 -10.306944
29.274445 -10.284579
29.290897 -10.254924
29.317915 -10.228203
29.428057 -10.138059
29.519443 -10.080558
29.543059 -10.074447
29.563894 -10.072782
29.586394 -10.061946
29.776942 -9.87723
29.833336 -9.821943
29.848888 -9.807786
29.867635 -9.792918
29.906389 -9.769725
29.962774 -9.736947
30.097918 -9.663471
30.165004 -9.640971
30.373741 -9.608193
30.402496 -9.6084
30.543193 -9.704997
30.612502 -9.793611
30.627568 -9.831258
30.726946 -9.853893
30.755557 -9.837504
30.779443 -9.823887
30.818611 -9.812979
30.882358 -9.817263
30.951946 -9.826254
31.114999 -9.844443
31.134997 -9.842634
31.209166 -9.827784
31.255975 -9.814581
31.281949 -9.806805
31.326184 -9.802782
31.377007 -9.818757
31.446667 -9.809163
31.503052 -9.775278
31.560553 -9.735282
31.626946 -9.689166
31.67083 -9.684999
31.706245 -9.680688
31.755835 -9.643059
31.775833 -9.625833
31.943332 -9.454446
32.014441 -9.375003
32.033467 -9.356661
32.183605 -9.277785
32.227489 -9.264996
32.316382 -9.260559
32.510269 -9.270837
32.543956 -9.279333
32.607496 -9.214443
32.638879 -9.17028
32.664718 -9.135558
32.705695 -9.085689
32.734801 -9.053172
32.76478 -9.029997
32.827285 -8.948889
32.915269 -8.841663
32.991949 -8.751942
33.114025 -8.629578
33.145345 -8.61507
33.219721 -8.567784
33.250546 -8.538336
33.254857 -8.501949
33.253327 -8.475282
33.258043 -8.451387
33.277636 -8.407782
33.320269 -8.355834
33.347215 -8.329725
33.372982 -8.306181
33.39514 -8.248752
33.408613 -8.178894
33.423049 -8.113545
33.487219 -7.950285
33.527503 -7.857918
33.535828 -7.833609
33.576112 -7.707501
33.612949 -7.636608
33.606379 -7.606107
33.648328 -7.496667
33.718888 -7.388613
33.796387 -7.228332
33.809887 -7.195545
33.851944 -7.086663
33.853609 -7.08084
33.868747 -7.039026
33.916384 -6.968889
33.941665 -6.933339
34.018606 -6.843051
34.062076 -6.797502
34.196113 -6.716394
34.295554 -6.654996
34.318324 -6.639723
34.376113 -6.597783
34.391107 -6.582501
34.54084 -6.488334
34.72138 -6.379164
34.755553 -6.358608
34.800283 -6.334164
34.834996 -6.315282
34.906942 -6.279444
35.008327 -6.242499
35.093044 -6.211665
35.183881 -6.17139
35.333056 -6.104727
35.450272 -6.052221
35.57944 -5.996664
35.664715 -5.966109
35.75944 -5.937498
35.790643 -5.918742
35.796664 -5.848335
35.805547 -5.744448
35.821936 -5.59584
35.842492 -5.543757
35.871526 -5.509026
35.897221 -5.488335
35.914438 -5.455557
35.919163 -5.407785
35.916337 -5.395554
35.916247 -5.360283
35.885791 -5.307642
35.841664 -5.345838
35.829991 -5.345001
35.790553 -5.33889
35.737489 -5.329719
35.700274 -5.320278
35.574373 -5.248953
35.550559 -5.210694
35.366941 -4.966389
35.318476 -4.916808
35.250823 -4.791663
35.220826 -4.730004
35.208883 -4.69584
35.192215 -4.601943
35.179984 -4.519008
35.151247 -4.420422
35.146108 -4.357917
35.156863 -4.317498
35.186662 -4.265001
35.189722 -4.215555
35.202637 -4.119309
35.21458 -4.092921
35.230132 -4.069998
35.245279 -4.02084
35.256106 -3.914928
35.22367 -3.902085
35.202979 -3.864375
35.199721 -3.820689
35.203042 -3.801663
35.241661 -3.755556
35.269579 -3.65472
35.229511 -3.58479
35.194996 -3.410559
35.193052 -3.386394
35.191378 -3.336255
35.195275 -3.306393
35.246935 -3.168333
35.287696 -3.070764
35.346106 -3.023613
35.418052 -2.98611
35.361937 -2.960838
35.329168 -2.946942
35.295553 -2.930553
35.273611 -2.914722
35.259166 -2.901393
35.220556 -2.902779
35.198326 -2.912085
35.169715 -2.905551
35.141797 -2.876949
35.125138 -2.834865
35.122384 -2.783799
35.147215 -2.794167
35.165836 -2.823336
35.199433 -2.8575
35.234569 -2.883681
35.184439 -2.807784
35.158339 -2.776392
35.139745 -2.748888
35.110837 -2.676393
35.098471 -2.627217
35.09389 -2.549718
35.096383 -2.526111
35.108191 -2.48139
35.123599 -2.343051
35.096932 -2.258055
35.085826 -2.216943
35.085826 -2.209446
35.097427 -2.160279
35.088328 -2.117916
35.079445 -2.098053
35.071939 -2.065554
35.071939 -2.030004
35.073325 -1.979721
35.079166 -1.940553
35.087491 -1.89666
35.117218 -1.780551
35.133958 -1.746108
35.173612 -1.698894
35.261668 -1.556109
35.279443 -1.524168
35.306524 -1.471392
35.307919 -1.442916
35.303599 -1.416393
35.305138 -1.395558
35.312914 -1.369305
35.317792 -1.360746
35.32249 -1.352214
35.359993 -1.297782
35.3818 -1.27458
35.406667 -1.259163
35.436385 -1.249164
35.467219 -1.240002
35.502634 -1.224027
35.551108 -1.196946
35.577496 -1.168893
35.606665 -1.126107
35.676946 -1.035828
35.681248 -1.006254
35.711389 -0.902781
35.765002 -0.791667
35.719714 -0.697221
35.71264 -0.64611
35.718328 -0.618057
35.769718 -0.529866
35.790139 -0.511389
35.820001 -0.493893
35.853742 -0.477846
35.902774 -0.373131
35.898895 -0.340137
35.864128 -0.30069
35.834167 -0.296667
35.81083 -0.244449
35.788051 -0.144162
35.783605 -0.120834
35.783704 -0.114291
35.784028 -0.106668
35.806105 -0.052218
35.847775 0.01764
35.870689 0.041661
35.9425 0.084447
36.011665 0.117639
36.044929 0.127152
36.103339 0.204165
36.1675 0.330003
36.269434 0.537786
36.305839 0.615834
36.328042 0.677502
36.332596 0.729981
36.332218 0.736947
36.336241 0.762786
36.365824 0.839718
36.37666 0.866943
36.404506 0.914931
36.429166 0.928188
36.448885 0.947502
36.473878 1.025001
36.512218 1.182501
36.529714 1.406394
36.523612 1.496664
36.531388 1.567503
36.53722 1.613889
36.546796 1.649583
36.548884 1.691667
36.547219 1.722222
36.553465 1.742778
36.567496 1.842498
36.570277 1.905975
36.561385 1.950282
36.560827 1.972503
36.566668 2.044305
36.587359 2.150694
36.599581 2.176947
36.611668 2.22111
36.629578 2.30904
36.635275 2.339163
36.63208 2.363058
36.618328 2.394027
36.598042 2.40264
36.590275 2.434446
36.586387 2.474163
36.584299 2.500002
36.589168 2.572497
36.594028 2.597634
36.603334 2.62611
36.677215 2.779443
36.70264 2.816244
36.72208 2.836242
36.794782 2.900205
36.802504 2.934162
36.802216 2.96361
36.808327 2.991249
36.805762 3.03048
36.785134 3.062502
36.749998 3.08916
36.741943 3.106395
36.738883 3.130695
36.741394 3.172221
36.742771 3.185559
36.778609 3.228057
36.783055 3.307221
36.771247 3.383469
36.768052 3.479166
36.785557 3.544164
36.810559 3.625002
36.823951 3.65229
36.849088 3.692709
36.874999 3.716244
36.889165 3.747915
36.903331 3.815838
36.914716 3.901662
36.894376 3.928401
36.888607 3.958893
36.894718 3.997503
36.885556 4.076109
36.884161 4.106106
36.903331 4.245282
36.904447 4.294998
36.895276 4.389444
36.884449 4.557501
36.887905 4.603356
36.886384 4.635558
36.886105 4.699161
36.886249 4.724442
36.890695 4.749444
36.89389 4.788747
36.846937 4.923333
36.77131 5.10048
36.732619 5.079672
36.710614 5.091318
36.672355 5.161941
36.660826 5.194998
36.646732 5.242635
36.64027 5.299443
36.64027 5.328054
36.653059 5.424444
36.665317 5.436504
36.663742 5.46264
36.694162 5.531391
36.713611 5.547771
36.738613 5.563746
36.765757 5.588334
36.821944 5.704578
36.832771 5.742504
36.830584 5.774931
36.813052 5.815692
36.816382 5.866947
36.837775 6.000003
36.843463 6.024312
36.892216 6.164442
36.913609 6.233337
36.920413 6.24222
36.948745 6.263892
36.974521 6.253749
37.020277 6.270552
37.081801 6.366942
37.086391 6.398334
37.089856 6.471666
37.078327 6.503895
37.065826 6.522363
37.045 6.541947
37.005409 6.572367
36.983818 6.582159
36.884296 6.920415
36.884161 6.956388
36.911665 7.141392
36.919999 7.170552
36.957637 7.225137
36.984439 7.250418
37.006525 7.258059
37.027504 7.248888
37.041949 7.220421
37.05472 7.203051
37.078822 7.189659
37.086391 7.229718
37.076662 7.253748
37.06777 7.269993
37.07722 7.292502
37.042498 7.46361
37.005004 7.553889
36.99334 7.573338
36.982504 7.593606
36.975691 7.61472
36.966385 7.729722
36.965971 7.761393
36.927775 7.772499
36.879715 7.773057
36.872218 7.784721
36.860275 7.816392
36.847504 7.876665
36.844444 7.932222
36.846667 7.954722
36.87472 8.051391
36.921943 8.160273
36.952777 8.225631
36.918883 8.390277
36.921394 8.545824
36.941365 8.622027
36.953893 8.667216
36.962425 8.76618
36.979579 8.826948
36.995284 8.858052
37.006948 8.877771
37.01863 8.896293
37.030825 8.915553
37.05166 8.940555
37.070272 8.959446
37.086391 8.973324
37.110547 8.985555
37.152217 9.043335
37.16083 9.066105
37.162324 9.080928
37.187776 9.158337
37.228051 9.327771
37.301383 9.560277
37.335205 9.659232
37.340407 9.738747
37.328338 9.858681
37.281394 9.86958
37.254574 9.849924
37.235539 9.808461
37.223668 9.777429
37.178857 9.78444
37.150777 9.808308