-12.090833 49.356945
-12.187223 49.369995
-12.205835 49.367367
-12.193892 49.355271
-12.184442 49.349718
-12.164444 49.335273
-12.157496 49.325553
-12.143888 49.261932
-12.148055 49.251933
-12.169862 49.242222
-12.224996 49.232502
-12.282083 49.270968
-12.257135 49.310793
-12.301109 49.327497
-12.303332 49.346379
-12.296393 49.360275
-12.283613 49.368339
-12.272228 49.370553
-12.262499 49.366395
-12.282785 49.428603
-12.345839 49.518324
-12.384449 49.543884
-12.485285 49.590828
-12.507785 49.595553
-12.520286 49.59666
-12.532499 49.59666
-12.542228 49.592502
-12.565097 49.57488
-12.582494 49.576527
-12.599882 49.574556
-12.613823 49.564557
-12.633344 49.562091
-12.64877 49.570614
-12.650192 49.594302
-12.701942 49.653612
-12.816107 49.798044
-12.95 49.894722
-12.958334 49.900275
-13.039442 49.943331
-13.074443 49.947489
-13.086665 49.947219
-13.096943 49.943601
-13.118894 49.940829
-13.181111 49.933323
-13.224446 49.943601
-13.346666 49.979439
-13.449446 50.024718
-13.463891 50.038056
-13.483889 50.034438
-13.496111 50.034438
-13.513337 50.037777
-13.521662 50.04333
-13.529168 50.051106
-13.53473 50.05944
-13.54166 50.066667
-13.550552 50.071392
-13.627502 50.101947
-13.761944 50.138055
-13.773608 50.140269
-13.820282 50.148324
-13.832783 50.149719
-13.852502 50.150277
-13.876667 50.146668
-13.896395 50.145273
-13.988888 50.144166
-13.998608 50.149719
-14.014997 50.160825
-14.049449 50.175
-14.061941 50.176107
-14.104997 50.171103
-14.201666 50.160555
-14.221673 50.159997
-14.231942 50.163327
-14.241662 50.168331
-14.252228 50.178609
-14.259446 50.192217
-14.269868 50.202774
-14.291945 50.215554
-14.307632 50.216949
-14.342498 50.21388
-14.374727 50.20389
-14.418611 50.192217
-14.431112 50.190831
-14.451668 50.190552
-14.570279 50.200002
-14.71139 50.238324
-14.826113 50.271948
-14.904998 50.300001
-14.998607 50.337495
-15.097778 50.401107
-15.145838 50.433606
-15.203888 50.483889
-15.249455 50.496786
-15.262784 50.498055
-15.308891 50.501394
-15.322778 50.501394
-15.405839 50.482773
-15.579998 50.433606
-15.818894 50.32638
-15.873605 50.299722
-15.968888 50.240826
-15.974441 50.232222
-15.979724 50.172777
-15.927515 50.137929
-15.920558 50.100552
-15.866945 50.03388
-15.857504 50.029164
-15.810551 50.026383
-15.798338 50.026662
-15.681113 49.961664
-15.561107 49.903884
-15.548057 49.903056
-15.468335 49.902219
-15.432497 49.866102
-15.43166 49.824162
-15.435836 49.751388
-15.442784 49.730004
-15.4475 49.720554
-15.465833 49.69611
-15.488333 49.67694
-15.504722 49.664448
-15.5375 49.64139
-15.557498 49.633605
-15.570557 49.632777
-15.583607 49.633893
-15.681941 49.657491
-15.706106 49.666662
-15.725285 49.675824
-15.90416 49.734027
-15.921944 49.730976
-15.945551 49.717773
-15.964172 49.704714
-16.01 49.687776
-16.035002 49.680558
-16.055 49.681386
-16.098056 49.695831
-16.114175 49.702086
-16.127504 49.709718
-16.138052 49.720554
-16.145558 49.729716
-16.153334 49.748886
-16.154729 49.759164
-16.152227 49.769163
-16.181945 49.816935
-16.197227 49.836105
-16.217225 49.850271
-16.231391 49.854024
-16.247501 49.852215
-16.28666 49.838337
-16.308611 49.832496
-16.343333 49.825413
-16.365554 49.825557
-16.395281 49.830273
-16.416395 49.834449
-16.424162 49.848885
-16.434449 49.859442
-16.455284 49.863051
-16.473887 49.862781
-16.554176 49.848606
-16.56584 49.845834
-16.641674 49.799439
-16.651394 49.791933
-16.671941 49.772502
-16.689725 49.753881
-16.697231 49.743045
-16.705835 49.724163
-16.714727 49.719168
-16.728335 49.717215
-16.756946 49.720833
-16.786394 49.736664
-16.796105 49.743045
-16.805834 49.750002
-16.814168 49.759434
-16.82612 49.779441
-16.830278 49.788612
-16.8875 49.638051
-16.889723 49.628052
-16.894169 49.617216
-16.900559 49.606947
-16.908605 49.596939
-16.919441 49.59027
-17.046395 49.531662
-17.297225 49.428891
-17.315837 49.422771
-17.326115 49.420557
-17.34389 49.418883
-17.362502 49.421664
-17.381942 49.435272
-17.415422 49.454721
-17.486945 49.475277
-17.554445 49.488606
-17.678339 49.50972
-17.689445 49.511106
-17.711387 49.510269
-17.77112 49.501107
-17.79389 49.494987
-17.831393 49.481667
-17.91584 49.455558
-17.948051 49.445829
-17.996948 49.433328
-18.072503 49.414446
-18.213893 49.384161
-18.312785 49.372218
-18.325286 49.370823
-18.351395 49.368339
-18.537227 49.30416
-18.703889 49.231386
-18.879443 49.167774
-18.940283 49.143879
-18.970559 49.130271
-19.034729 49.097502
-19.068893 49.075272
-19.088054 49.06638
-19.194443 49.031667
-19.215836 49.024989
-19.250837 49.018059
-19.276109 49.014162
-19.334447 49.002489
-19.356389 48.996378
-19.376945 48.988881
-19.457783 48.956382
-19.531673 48.921948
-19.588607 48.89277
-19.607786 48.883041
-19.628333 48.875544
-19.650284 48.869433
-19.684448 48.861666
-19.742786 48.849165
-19.766105 48.844449
-19.82528 48.833613
-19.933055 48.813048
-20.039174 48.778056
-20.091122 48.759165
-20.11112 48.750831
-20.167226 48.72222
-20.193056 48.705831
-20.221676 48.691386
-20.298338 48.654441
-20.336669 48.636378
-20.388059 48.616668
-20.416175 48.607794
-20.439449 48.601107
-20.49362 48.584997
-20.645558 48.539448
-20.697497 48.521106
-20.914172 48.467772
-20.985551 48.456378
-21.292226 48.370554
-21.479723 48.304161
-21.744998 48.21777
-21.923054 48.140829
-21.959162 48.120282
-21.978332 48.110274
-22.110551 48.050829
-22.19111 48.01527
-22.220558 48.003057
-22.431941 47.919717
-22.461947 47.908053
-22.485833 47.900835
-22.513895 47.894436
-22.669442 47.864718
-22.781672 47.847771
-22.826663 47.842497
-22.849442 47.839716
-22.867226 47.837214
-22.88834 47.831661
-22.968332 47.810556
-22.99778 47.802771
-23.138333 47.759715
-23.339726 47.712492
-23.561675 47.628882
-23.621948 47.616948
-23.643053 47.615823
-23.664446 47.612493
-23.794172 47.587221
-23.839172 47.575827
-23.872499 47.563326
-24.014996 47.498058
-24.030836 47.488059
-24.12413 47.426184
-24.177779 47.403612
-24.306119 47.339433
-24.412499 47.319714
-24.458894 47.315556
-24.471107 47.313045
-24.503894 47.303325
-24.557498 47.281662
-24.741395 47.19861
-24.81362 47.148606
-24.831674 47.135277
-24.84611 47.130138
-24.861122 47.127222
-24.875414 47.127222
-24.894998 47.131668
-24.912782 47.137221
-24.928055 47.133045
-24.973892 47.094444
-25.068608 46.906389
-25.1675 46.730277
-25.171388 46.719441
-25.191674 46.646667
-25.182782 46.584162
-25.174997 46.544166
-25.166942 46.523331
-25.161668 46.503054
-25.161668 46.413324
-25.17362 46.336662
-25.186112 46.290834
-25.196948 46.258047
-25.219448 46.193328
-25.226945 46.171944
-25.309997 45.963054
-25.328888 45.923049
-25.339445 45.904716
-25.403336 45.794448
-25.436105 45.739161
-25.453889 45.71361
-25.468055 45.698607
-25.497224 45.670554
-25.509167 45.653328
-25.551395 45.571662
-25.562231 45.550278
-25.568612 45.530271
-25.575551 45.487782
-25.578332 45.462492
-25.58834 45.214722
-25.548614 45.127359
-25.534997 45.118044
-25.52084 45.098055
-25.402499 44.914716
-25.335557 44.808327
-25.321112 44.782488
-25.316675 44.769717
-25.310555 44.747496
-25.303895 44.711388
-25.293887 44.587773
-25.28639 44.522217
-25.272782 44.443323
-25.255556 44.355825
-25.246394 44.349165
-25.163126 44.297703
-25.1675 44.323056
-25.176671 44.332497
-25.194446 44.350002
-25.215551 44.368605
-25.232786 44.389161
-25.230284 44.39916
-25.220834 44.407773
-25.211672 44.411949
-25.193339 44.401932
-25.153055 44.337222
-25.069166 44.184438
-25.064729 44.174718
-25.059446 44.162775
-25.055837 44.150274
-25.053893 44.139717
-25.057781 44.129718
-25.062785 44.119719
-25.061669 44.108325
-25.054442 44.097498
-25.004447 44.032221
-24.98084 44.017083
-24.95834 44.023041
-24.944444 44.021943
-24.920279 44.01639
-24.899723 44.011107
-24.880283 44.005275
-24.861392 43.99389
-24.850286 43.985277
-24.830279 43.967502
-24.810839 43.953894
-24.761105 43.925823
-24.741107 43.917777
-24.717644 43.914303
-24.688052 43.928892
-24.672779 43.931241
-24.634025 43.922772
-24.598889 43.905825
-24.50528 43.834446
-24.491672 43.819443
-24.477218 43.797492
-24.471395 43.787214
-24.462503 43.76583
-24.456392 43.755552
-24.438617 43.732215
-24.417224 43.711938
-24.384446 43.691661
-24.33167 43.671393
-24.311393 43.664166
-24.188894 43.664445
-24.043607 43.664715
-23.86862 43.662222
-23.824448 43.653195
-23.810003 43.648893
-23.761673 43.624989
-23.657786 43.636383
-23.647778 43.638327
-23.623757 43.649721
-23.613893 43.673337
-23.602778 43.703892
-23.588891 43.735275
-23.577362 43.747911
-23.468057 43.759989
-23.452226 43.753059
-23.443055 43.745283
-23.395004 43.687494
-23.361947 43.646382
-23.357501 43.636932
-23.347502 43.630551
-23.311394 43.614999
-23.301674 43.61166
-23.278058 43.606944
-23.265836 43.605828
-23.170832 43.597503
-23.150834 43.596936
-23.129441 43.597773
-23.099165 43.596936
-23.078339 43.588053
-23.067782 43.578324
-23.048891 43.555833
-23.023052 43.520553
-23.012783 43.504722
-23.008058 43.49277
-22.997501 43.482222
-22.895837 43.392771
-22.875281 43.375824
-22.861943 43.366104
-22.852781 43.361937
-22.841666 43.358058
-22.800833 43.348878
-22.659443 43.317216
-22.498055 43.286112
-22.282496 43.23888
-22.21334 43.260831
-22.162778 43.250544
-22.15223 43.247214
-22.068746 43.236828
-21.908339 43.279164
-21.882779 43.314435
-21.846392 43.328043
-21.776948 43.332777
-21.758606 43.334163
-21.670559 43.421103
-21.66389 43.431111
-21.661676 43.44777
-21.668057 43.472358
-21.598055 43.469442
-21.476393 43.466112
-21.463334 43.466112
-21.395555 43.47639
-21.383333 43.478334
-21.372497 43.481943
-21.333887 43.500546
-21.301388 43.544997
-21.280553 43.579719
-21.278888 43.591662
-21.276395 43.616097
-21.272228 43.664994
-21.271949 43.698879
-21.273893 43.712217
-21.276944 43.722216
-21.283613 43.730271
-21.286115 43.741098
-21.270554 43.768323
-21.264731 43.776666
-21.233339 43.802496
-21.225284 43.808607
-21.20723 43.819722
-21.156947 43.841106
-21.079997 43.861383
-21.008888 43.875549
-20.945834 43.878879
-20.879171 43.89777
-20.859443 43.906662
-20.850002 43.911666
-20.788064 43.949439
-20.76416 43.968042
-20.743622 43.991946
-20.746106 44.002773
-20.745836 44.015274
-20.740004 44.023608
-20.723894 44.036109
-20.715002 44.041662
-20.651948 44.079435
-20.600837 44.100558
-20.590001 44.104167
-20.441942 44.176113
-20.294441 44.266392
-20.157227 44.340273
-20.13722 44.353332
-20.128607 44.361108
-20.119724 44.370828
-20.103335 44.389998
-20.096108 44.399718
-20.077784 44.428878
-20.068613 44.437491
-19.980557 44.479719
-19.965833 44.48277
-19.941389 44.4825
-19.877363 44.471934
-19.845557 44.440272
-19.841255 44.426106
-19.840283 44.410275
-19.832498 44.399718
-19.81223 44.387496
-19.777085 44.370828
-19.552778 44.440272
-19.544723 44.454717
-19.545002 44.465004
-19.5425 44.47611
-19.526948 44.483193
-19.502783 44.48277
-19.438334 44.469162
-19.378889 44.438607
-19.357784 44.425557
-19.251395 44.351667
-19.230002 44.336394
-19.169171 44.286381
-19.144934 44.265672
-19.140002 44.261937
-19.081106 44.231382
-19.066112 44.227359
-18.973619 44.231382
-18.961676 44.248608
-18.853055 44.261667
-18.841949 44.261379
-18.820556 44.256942
-18.770282 44.24166
-18.741113 44.231112
-18.667502 44.199162
-18.591119 44.163612
-18.582227 44.158878
-18.51362 44.113878
-18.501668 44.105553
-18.469997 44.082216
-18.459161 44.072487
-18.451394 44.063325
-18.441944 44.054163
-18.423053 44.040555
-18.408059 44.035695
-18.34028 44.043057
-18.240551 44.045829
-18.201392 44.043606
-18.167498 44.039448
-18.131111 44.032905
-18.112229 44.02458
-18.056393 44.011935
-17.98028 44.00361
-17.958887 44.001387
-17.948609 44.001108
-17.929169 44.002773
-17.917496 44.004717
-17.8775 44.013609
-17.865836 44.021943
-17.846945 44.026938
-17.817497 44.030277
-17.775557 44.031942
-17.756945 44.031393
-17.692784 43.993611
-17.683613 43.988058
-17.662229 43.969446
-17.65223 43.959717
-17.632502 43.943328
-17.611946 43.928892
-17.60084 43.924437
-17.580554 43.921665
-17.570285 43.922772
-17.512217 43.929441
-17.500553 43.931394
-17.479448 43.937217
-17.450837 43.947216
-17.439443 43.952499
-17.42111 43.964163
-17.317214 44.039718
-17.176391 44.137773
-17.098055 44.182494
-17.037224 44.215272
-16.919729 44.275275
-16.796942 44.346105
-16.788338 44.351667
-16.779167 44.363331
-16.772498 44.3736
-16.763894 44.383329
-16.753337 44.392491
-16.703612 44.432487
-16.692218 44.43777
-16.506665 44.465823
-16.495838 44.466111
-16.477784 44.463339
-16.46666 44.458605
-16.457498 44.453331
-16.433333 44.436942
-16.413065 44.421948
-16.393337 44.409717
-16.38278 44.404443
-16.369163 44.399583
-16.341668 44.398053
-16.214723 44.438895
-16.203887 44.442774
-16.195283 44.449434
-16.183889 44.46027
-16.177229 44.488881
-16.179866 44.503749
-16.186949 44.573058
-16.188335 44.609445
-16.19972 44.803053
-16.210286 44.873604
-16.142678 45
-16.120556 45.034434
-16.107785 45.049995
-16.096526 45.05958
-16.07417 45.073323
-16.049447 45.091107
-16.003889 45.129996
-15.993476 45.140688
-15.950285 45.216945
-15.931394 45.254718
-15.927497 45.264996
-15.93278 45.273888
-15.943058 45.277218
-16.055558 45.293607
-16.067222 45.291105
-16.096805 45.288612
-16.110557 45.291663
-16.117784 45.302634
-16.110278 45.326943
-16.105004 45.335547
-16.066943 45.395559
-16.041392 45.412776
-16.031105 45.411111
-16.026677 45.401112
-16.033292 45.39222
-16.006391 45.374445
-15.983333 45.367083
-15.973334 45.390546
-15.94916 45.57249
-15.9875 45.594162
-15.998606 45.593613
-16.008056 45.589167
-16.024175 45.577215
-16.038332 45.576378
-16.055279 45.606942
-16.057502 45.617769
-16.036667 45.627489
-15.90722 45.645273
-15.894728 45.645552
-15.883055 45.643878
-15.79166 45.716661
-15.79778 45.739161
-15.814727 45.807489
-15.814727 45.82611
-15.809444 45.834714
-15.786944 45.868887
-15.782219 45.878328
-15.773057 45.910827
-15.772499 45.921393
-15.783893 45.957501
-15.804449 45.956385
-15.835283 45.951948
-15.845003 45.955827
-15.853337 45.964998
-15.871949 46.063611
-15.861113 46.072494
-15.810839 46.071936
-15.784172 46.070541
-15.783056 46.060551
-15.788888 46.048878
-15.798338 46.038609
-15.807779 46.031112
-15.816392 46.021662
-15.823889 46.011384
-15.808895 46.004859
-15.793613 46.013058
-15.77528 46.027773
-15.756668 46.048338
-15.74 46.068885
-15.732224 46.079721
-15.720281 46.099449
-15.71111 46.120554
-15.703613 46.151379
-15.703613 46.171944
-15.704999 46.201941
-15.71417 46.232496
-15.759728 46.246113
-15.806105 46.235547
-15.846947 46.246662
-15.878339 46.257219
-15.901109 46.265823
-15.932501 46.279998
-15.951941 46.293057
-15.961112 46.302219
-15.973334 46.32111
-15.977222 46.331109
-15.961391 46.477773
-15.885836 46.447218
-15.853895 46.413054
-15.835688 46.380132
-15.778052 46.340001
-15.712361 46.30347
-15.686387 46.308879
-15.674714 46.312776
-15.644996 46.329165
-15.63416 46.331667
-15.624728 46.338336
-15.615836 46.347219
-15.506108 46.46277
-15.498053 46.473606
-15.493337 46.483893
-15.443333 46.574163
-15.364727 46.705275
-15.268058 46.833606
-15.261947 46.841661
-15.247781 46.855557
-15.230555 46.880271
-15.225839 46.889442
-15.198893 46.947222
-15.197228 46.959165
-15.202223 46.968327
-15.209999 46.974717
-15.334442 47.076381
-15.343892 47.071935
-15.368894 47.054988
-15.379442 47.044449
-15.397496 47.013057
-15.405839 47.007216
-15.502229 46.962216
-15.513335 46.958886
-15.542783 46.956933
-15.558056 46.959444
-15.554726 46.969443
-15.545834 46.974717
-15.493607 47.042217
-15.479729 47.093049
-15.445178 47.129013
-15.444638 47.142684
-15.458777 47.180781
-15.448463 47.206665
-15.448463 47.223621
-15.417287 47.236734
-15.413336 47.212218
-15.401393 47.196108
-15.305552 47.11194
-15.260282 47.083059
-15.223337 47.059722
-15.198056 47.058057
-15.184997 47.058327
-15.175286 47.063043
-15.150284 47.080557
-15.115553 47.108745
-14.993891 47.222775
-14.912504 47.310552
-14.87528 47.300004
-14.855732 47.286882
-14.842223 47.292777
-14.809724 47.316384
-14.777783 47.341665
-14.726663 47.389716
-14.665283 47.454993
-14.663609 47.465559
-14.71166 47.50083
-14.826941 47.506383
-14.848334 47.499444
-14.857784 47.494989
-14.885135 47.47347
-14.909723 47.448324
-14.925284 47.436102
-14.971391 47.412504
-14.982497 47.41083
-15.086942 47.409165
-15.098606 47.411109
-15.106949 47.416662
-15.110558 47.427219
-15.108056 47.438613
-15.10334 47.448054
-15.082784 47.483325
-15.076664 47.491947
-14.950286 47.566935
-14.857226 47.613051
-14.827229 47.624994
-14.787503 47.63916
-14.778053 47.643606
-14.701949 47.687769
-14.683607 47.698605
-14.603894 47.811276
-14.62166 47.968605
-14.625836 47.978613
-14.634161 47.984166
-14.662502 47.995551
-14.686676 47.998881
-14.706395 47.997774
-14.728337 47.991663
-14.740001 47.989449
-14.759999 47.987487
-14.767226 47.997081
-14.749442 48.013326
-14.728058 48.020823
-14.712362 48.022497
-14.635286 48.01527
-14.622785 48.006945
-14.575832 47.94111
-14.570837 47.931939
-14.569163 47.919168
-14.570558 47.906388
-14.573609 47.895831
-14.579171 47.887218
-14.590889 47.82789
-14.603201 47.750976
-14.558336 47.720835
-14.442785 47.701665
-14.420555 47.699433
-14.408333 47.699721
-14.357231 47.713878
-14.346944 47.717775
-14.26139 47.778885
-14.233895 47.829996
-14.246387 47.852775
-14.252228 47.875275
-14.253893 47.927772
-14.226227 47.935719
-14.215229 47.941551
-14.188553 47.948391
-14.177969 47.948382
-14.131106 47.939031
-14.114996 47.919447
-14.096942 47.9043
-14.088887 47.914164
-14.088887 47.925558
-14.098337 47.945826
-14.120279 47.987217
-14.125832 47.99583
-14.138333 48.011112
-14.147504 48.016665
-14.15834 48.015
-14.195024 47.997387
-14.231447 47.987721
-14.284727 47.974446
-14.30666 47.971386
-14.3207 47.977776
-14.326946 47.993049
-14.322779 48.003057
-14.155559 48.048336
-14.106113 48.052503
-14.079176 48.044718
-14.068889 48.041109
-14.063408 48.031398
-14.056667 48.003885
-14.051672 47.994714
-14.04611 47.98638
-14.014727 47.948058
-14.006393 47.941938
-13.996664 47.946393
-13.995557 47.959164
-13.996394 47.972502
-13.99472 47.983059
-13.960556 48.022083
-13.924997 47.968047
-13.915286 47.949165
-13.909445 47.926665
-13.897502 47.910555
-13.878053 47.901663
-13.826942 47.883609
-13.788332 47.874447
-13.776677 47.872503
-13.651676 47.890269
-13.639166 47.892492
-13.616666 47.897775
-13.596389 47.905272
-13.589441 47.912499
-13.587362 47.927079
-13.592231 47.942775
-13.592231 47.955555
-13.581107 48.019716
-13.574168 48.026934
-13.550003 48.047769
-13.540283 48.045276
-13.533893 48.0375
-13.529168 48.028608
-13.520834 48.023046
-13.514723 48.034296
-13.518053 48.06333
-13.523606 48.071664
-13.600835 48.152772
-13.66361 48.16584
-13.715837 48.174993
-13.757633 48.183462
-13.804442 48.241944
-13.808051 48.252492
-13.808051 48.287214
-13.79861 48.305547
-13.790285 48.318057
-13.773059 48.335544
-13.603895 48.35583
-13.585688 48.34944
-13.565285 48.335274
-13.55084 48.337632
-13.542785 48.350556
-13.52528 48.425553
-13.515551 48.50388
-13.444163 48.500541
-13.425551 48.536946
-13.441391 48.64527
-13.444163 48.656394
-13.449167 48.665556
-13.439726 48.682494
-13.423058 48.721383
-13.424165 48.735963
-13.36778 48.792771
-13.354163 48.798333
-13.286942 48.808323
-13.219163 48.815559
-13.194305 48.81249
-13.120001 48.823884
-13.077782 48.844719
-13.041107 48.86361
-12.972914 48.900132
-12.956111 48.918051
-12.887216 48.945546
-12.876947 48.949164
-12.822227 48.959442
-12.811391 48.95694
-12.673889 48.902499
-12.573053 48.87972
-12.507227 48.822219
-12.465836 48.782214
-12.458474 48.76722
-12.446945 48.74472
-12.437639 48.733596
-12.403052 48.756384
-12.399164 48.766392
-12.413339 48.85083
-12.416111 48.861936
-12.423059 48.870279
-12.445001 48.875544
-12.455279 48.879162
-12.480002 48.895551
-12.495833 48.907215
-12.494717 48.918609
-12.485834 48.94416
-12.474449 48.953889
-12.415004 48.961395
-12.357782 48.969162
-12.345137 48.977352
-12.276674 49.063887
-12.280553 49.096665
-12.25223 49.150836
-12.238055 49.164444
-12.229163 49.169448
-12.159782 49.191516
-12.125555 49.189437
-12.11417 49.163607
-12.103613 49.129434
-12.053888 49.157217
-11.974724 49.224447
-11.945555 49.258323
-11.947085 49.272219
-11.954177 49.283883
-11.964446 49.297221
-11.984444 49.309722
-12.003056 49.320549
-12.061943 49.347216