-10.858265 142.516296
-10.950281 142.509294
-10.935485 142.530606
-10.890278 142.554132
-10.870208 142.572681
-10.872503 142.608978
-10.962917 142.724412
-10.986524 142.744824
-11.080556 142.788303
-11.167226 142.804134
-11.361662 142.86078
-11.391254 142.865937
-11.511251 142.840098
-11.623058 142.856352
-11.715839 142.867467
-11.742218 142.86636
-11.778056 142.860501
-11.83319 142.859817
-11.858606 142.878015
-11.927366 142.968717
-11.935556 142.988283
-11.936528 143.014284
-11.932784 143.037477
-11.918474 143.06067
-11.906387 143.082612
-11.903606 143.103303
-11.914865 143.1315
-11.987504 143.199126
-12.045833 143.161101
-12.067217 143.147214
-12.140279 143.102169
-12.224996 143.08191
-12.292226 143.07498
-12.33431 143.077473
-12.349025 143.12898
-12.340763 143.160192
-12.364163 143.211762
-12.376943 143.222472
-12.383126 143.248581
-12.413051 143.275815
-12.459104 143.276994
-12.489866 143.271927
-12.51764 143.279343
-12.562919 143.323857
-12.566186 143.361549
-12.593339 143.413182
-12.616811 143.429985
-12.677786 143.411103
-12.713741 143.39151
-12.742784 143.375112
-12.780278 143.366481
-12.828059 143.360226
-12.848894 143.362314
-12.870422 143.405829
-12.862781 143.475525
-12.859163 143.504424
-12.879161 143.514162
-13.00166 143.509986
-13.044446 143.505558
-13.073129 143.500653
-13.098608 143.498295
-13.269167 143.516934
-13.304168 143.521632
-13.340555 143.528589
-13.364513 143.544843
-13.3775 143.568594
-13.432013 143.594685
-13.526108 143.586639
-13.561388 143.578035
-13.641677 143.553321
-13.756391 143.530812
-13.802228 143.545536
-13.936112 143.601345
-13.95584 143.616051
-13.980275 143.639973
-14.002919 143.669286
-14.023268 143.685729
-14.069996 143.693847
-14.1425 143.703306
-14.185385 143.6985
-14.239448 143.711919
-14.319161 143.737047
-14.395283 143.773038
-14.413337 143.7822
-14.432498 143.797761
-14.449445 143.816076
-14.478335 143.860383
-14.487218 143.887617
-14.491943 143.934417
-14.493608 143.963289
-14.487713 144.011853
-14.437214 144.092331
-14.380001 144.153594
-14.301395 144.341919
-14.280551 144.38916
-14.254028 144.435096
-14.236667 144.449127
-14.21153 144.46233
-14.188895 144.471069
-14.163056 144.476208
-14.17166 144.515943
-14.229998 144.559143
-14.26319 144.578583
-14.303888 144.567612
-14.358473 144.566928
-14.484716 144.614547
-14.557364 144.676773
-14.598053 144.783603
-14.613893 144.828171
-14.61653 144.849825
-14.618231 144.896607
-14.689718 144.932328
-14.733476 144.940248
-14.753753 144.959337
-14.768612 144.995517
-14.803172 145.07586
-14.8625 145.20636
-14.945552 145.3158
-15.004448 145.309707
-15.035003 145.284696
-15.056387 145.271367
-15.082775 145.254969
-15.104996 145.243008
-15.134444 145.234269
-15.159725 145.23399
-15.193052 145.237734
-15.256943 145.27692
-15.304445 145.285515
-15.331112 145.28943
-15.446393 145.248561
-15.489449 145.277775
-15.554717 145.304964
-15.734312 145.359549
-15.762221 145.361637
-15.818894 145.357182
-15.885836 145.353024
-15.915419 145.359189
-15.931259 145.376343
-15.944444 145.395108
-15.964721 145.409976
-16.037918 145.449828
-16.083053 145.462329
-16.287497 145.44621
-16.320284 145.418994
-16.338203 145.40886
-16.440974 145.402056
-16.470206 145.411497
-16.502228 145.464417
-16.561106 145.509426
-16.698608 145.616364
-16.736948 145.668303
-16.816391 145.728297
-16.885133 145.773459
-16.913051 145.806093
-16.886249 145.838853
-16.871039 145.931832
-16.899101 145.955448
-16.971668 145.911096
-16.998056 145.896093
-17.040419 145.878156
-17.071739 145.882809
-17.188613 145.953855
-17.364446 146.031921
-17.55278 146.085507
-17.691668 146.104263
-17.78723 146.086092
-17.889722 146.100798
-17.955836 146.093994
-17.986796 146.079054
-18.005417 146.063151
-18.05084 146.037204
-18.142217 146.001645
-18.176111 146.001375
-18.238058 146.00943
-18.268892 146.023317
-18.49166 146.211921
-18.504998 146.228301
-18.511109 146.2572
-18.514448 146.293299
-18.535625 146.333574
-18.566945 146.337462
-18.617498 146.332179
-18.64736 146.326221
-18.681389 146.304405
-18.710558 146.290797
-18.747215 146.281086
-18.853613 146.268171
-18.887021 146.277621
-18.960416 146.335662
-18.998054 146.379672
-19.025558 146.423583
-19.071107 146.448027
-19.143611 146.565243
-19.175282 146.634426
-19.183895 146.654415
-19.193534 146.699127
-19.181186 146.737746
-19.186811 146.763603
-19.243052 146.814696
-19.302992 146.885787
-19.305836 146.953584
-19.342781 147.072213
-19.390283 147.117735
-19.402784 147.139434
-19.425824 147.253329
-19.41236 147.431916
-19.382705 147.446496
-19.363472 147.438306
-19.341944 147.421908
-19.307951 147.401487
-19.324997 147.427182
-19.369997 147.458862
-19.535417 147.555252
-19.575836 147.5658
-19.621394 147.576078
-19.676393 147.587733
-19.727216 147.594969
-19.773188 147.618567
-19.824722 147.669552
-19.836944 147.724137
-19.826252 147.770109
-19.803608 147.762207
-19.745 147.754152
-19.709999 147.761361
-19.710692 147.821832
-19.74014 147.851136
-19.816244 147.851343
-19.85084 147.863574
-19.893887 147.911931
-19.911806 147.942612
-19.91861 147.971772
-19.919582 148.002921
-19.913057 148.096926
-19.947221 148.219974
-19.991105 148.269717
-20.037914 148.298778
-20.049794 148.266585
-20.076668 148.274694
-20.145284 148.33386
-20.206394 148.413456
-20.184506 148.466358
-20.125628 148.470444
-20.098547 148.439277
-20.063609 148.452993
-20.088053 148.522221
-20.12111 148.564143
-20.182778 148.637484
-20.216105 148.673034
-20.232467 148.768893
-20.276675 148.803318
-20.388338 148.835997
-20.444831 148.866669
-20.453606 148.890807
-20.454794 148.90401
-20.534723 148.934421
-20.534444 148.909149
-20.521394 148.878576
-20.508056 148.855797
-20.474999 148.830534
-20.456945 148.790259
-20.475827 148.741056
-20.561669 148.667211
-20.624444 148.691655
-20.717504 148.729131
-20.836106 148.849704
-20.883059 148.921353
-20.918609 149.028318
-21.015278 149.160519
-21.079997 149.21469
-21.154445 149.204952
-21.278618 149.239962
-21.318605 149.289426
-21.339719 149.294439
-21.437783 149.328585
-21.531392 149.385528
-21.582503 149.443029
-21.629447 149.441652
-21.773195 149.429961
-21.912218 149.469975
-22.077224 149.520807
-22.233329 149.589963
-22.318055 149.653314
-22.350554 149.69664
-22.380416 149.703174
-22.452497 149.699484
-22.495175 149.669478
-22.478471 149.712732
-22.463333 149.736357
-22.422365 149.78943
-22.383917 149.814657
-22.547159 149.967729
-22.570838 149.97717
-22.586111 149.9769
-22.641011 150.038298
-22.545836 150.012207
-22.475555 149.986359
-22.410827 149.953311
-22.350554 149.920812
-22.30334 149.92137
-22.208336 149.959962
-22.181813 149.975523
-22.160285 149.999553
-22.149026 150.043725
-22.162769 150.078987
-22.272227 150.155244
-22.342499 150.187122
-22.374719 150.185808
-22.391666 150.200379
-22.409297 150.237522
-22.437503 150.321897
-22.47389 150.394428
-22.500557 150.418989
-22.538609 150.479946
-22.576949 150.557733
-22.586111 150.593022
-22.45868 150.535323
-22.383476 150.534423
-22.331105 150.561918
-22.343057 150.634557
-22.441391 150.70554
-22.504904 150.675813
-22.553612 150.683589
-22.628888 150.742188
-22.731947 150.81912
-22.781393 150.804405
-22.856948 150.791076
-22.976108 150.771366
-23.130341 150.755751
-23.238053 150.81219
-23.307785 150.804963
-23.335559 150.797484
-23.380694 150.8004
-23.505002 150.867189
-23.546186 150.948432
-23.556527 151.023186
-23.582636 151.041447
-23.617223 151.052139
-23.665139 151.120233
-23.706395 151.142346
-23.771735 151.155459
-23.792498 151.168041
-23.827922 151.238979
-23.827634 151.271658
-23.858333 151.318296
-23.948891 151.396947
-23.978609 151.424136
-23.995421 151.4628
-23.997365 151.492761
-24.035975 151.546572
-24.045839 151.540254
-24.058475 151.531371
-24.086321 151.537968
-24.096806 151.565517
-24.052778 151.614135
-23.998265 151.61607
-23.977367 151.639848
-23.988887 151.683876
-24.098894 151.788024
-24.181109 151.880796
-24.194447 151.906104
-24.217919 151.933446
-24.235559 151.944426
-24.337223 151.981218
-24.364997 151.987734
-24.40736 152.001351
-24.426395 152.009982
-24.45389 152.024688
-24.503606 152.052462
-24.608195 152.13177
-24.667217 152.203563
-24.710003 152.277192
-24.726941 152.311644
-24.737633 152.345385
-24.744581 152.390115
-24.760286 152.418303
-24.784586 152.445528
-24.812216 152.468019
-24.842078 152.487594
-24.877367 152.497728
-24.911666 152.4969
-24.93584 152.493561
-24.972632 152.497593
-24.997769 152.507754
-25.035551 152.526087
-25.087499 152.561097
-25.245134 152.671491
-25.261109 152.722476
-25.282637 152.809011
-25.282223 152.854128
-25.288892 152.907822
-25.436384 152.94663
-25.524728 152.934282
-25.562366 152.893323
-25.679168 152.898588
-25.735418 152.920539
-25.764164 152.953506
-25.771805 152.984025
-25.836812 153.023031
-25.890551 153.03789
-25.900559 153.064701
-25.909721 153.099702
-25.949447 153.181917
-25.973324 153.185517
-26.067779 153.137484
-26.179163 153.10053
-26.218331 153.090522
-26.308475 153.072054
-26.347634 153.076221
-26.373338 153.090297
-26.506394 153.10413
-26.669447 153.115155
-26.684162 153.131076
-26.729999 153.143037
-26.955269 153.155817
-27.082781 153.157203
-27.100421 153.095652
-27.119861 153.070524
-27.13778 153.055818
-27.164996 153.039978
-27.17666 153.03456
-27.313334 153.064836
-27.333332 153.090234
-27.388889 153.174681
-27.479717 153.256104
-27.502496 153.268308
-27.604997 153.304695
-27.646109 153.312192
-27.671246 153.318726
-27.752786 153.377442
-27.77723 153.403317
-27.848339 153.432738
-27.913742 153.423873
-27.981944 153.410247
-28.07486 153.450243
-28.092779 153.460233
-28.139165 153.489114
-28.150109 153.505953
-28.176668 153.526311
-28.183058 153.555732
-28.207916 153.577611
-28.273895 153.591489
-28.362086 153.584406
-28.406942 153.576918
-28.437497 153.56943
-28.459448 153.562194
-28.491668 153.559692
-28.529999 153.562743
-28.583891 153.570663
-28.605554 153.578448
-28.621808 153.591354
-28.635002 153.606897
-28.661039 153.624195
-28.862153 153.605997
-28.897361 153.579132
-28.912769 153.561915
-28.935269 153.532746
-28.950272 153.51858
-28.982501 153.491913
-29.002364 153.475938
-29.043755 153.448029
-29.075552 153.434142
-29.271941 153.356085
-29.300417 153.345249
-29.328335 153.337617
-29.356523 153.34128
-29.378051 153.359622
-29.398337 153.365508
-29.529161 153.346617
-29.781395 153.292212
-29.952503 153.253872
-30.114728 153.204957
-30.204998 153.170253
-30.25889 153.138024
-30.514031 153.032625
-30.568607 153.018585
-30.609161 153.013311
-30.720833 153.005247
-30.784445 153.003735
-30.813605 153.00387
-30.835286 153.005553
-30.883895 153.021636
-30.887639 153.05706
-30.948605 153.074979
-31.034996 153.052461
-31.243337 152.973018
-31.359446 152.954136
-31.539176 152.886384
-31.606667 152.861634
-31.656662 152.848845
-31.704443 152.828307
-31.810553 152.760258
-31.889996 152.684415
-31.907501 152.664696
-31.922504 152.64999
-31.948892 152.624664
-31.984163 152.59356
-32.029163 152.557461
-32.131043 152.511858
-32.263622 152.541351
-32.403608 152.529687
-32.500835 152.396946
-32.511392 152.377164
-32.528339 152.355798
-32.552783 152.327754
-32.601392 152.280819
-32.63138 152.227449
-32.682221 152.127441
-32.725277 152.119422
-32.770556 152.144721
-32.813054 151.996608
-32.827085 151.952751
-32.872229 151.837596
-32.888753 151.812135
-33.070004 151.66899
-33.164441 151.630524
-33.234731 151.593849
-33.267221 151.57413
-33.282368 151.552422
-33.276797 151.528734
-33.285284 151.501914
-33.316811 151.454565
-33.362216 151.444746
-33.37514 151.46739
-33.393545 151.486821
-33.500699 151.4547
-33.628607 151.340238
-33.8975 151.296939
-33.969446 151.272765
-33.992666 151.236639
-33.9875 151.178319
-34.013789 151.099722
-34.025723 151.155045
-34.056818 151.195266
-34.166393 151.114122
-34.180001 151.085097
-34.192502 151.063875
-34.221941 151.023798
-34.277498 150.976341
-34.298333 150.959961
-34.331669 150.934149
-34.558334 150.840522
-34.584164 150.875244
-34.599167 150.881346
-34.661105 150.873561
-34.785971 150.831342
-34.796258 150.800949
-34.804718 150.782481
-34.819586 150.766938
-34.837775 150.756102
-34.877501 150.746904
-34.961669 150.781914
-35.021564 150.851961
-35.088398 150.83676
-35.10764 150.809706
-35.078399 150.776919
-35.058329 150.789357
-35.012015 150.775389
-35.009864 150.748641
-35.042192 150.685182
-35.075834 150.67746
-35.126945 150.703308
-35.178605 150.64749
-35.188325 150.617187
-35.212499 150.556563
-35.226665 150.540255
-35.310833 150.485787
-35.353187 150.480234
-35.527778 150.406641
-35.594999 150.3558
-35.73584 150.275277
-35.940554 150.162471
-36.111671 150.137478
-36.258056 150.14421
-36.32813 150.135588
-36.360557 150.098436
-36.388889 150.077187
-36.427778 150.065802
-36.501668 150.051636
-36.628055 150.023322
-36.760976 149.979672
-36.794726 149.96637
-36.857231 149.938569
-36.923336 149.902461
-37.069163 149.906646
-37.116602 149.946696
-37.1618 150.006519
-37.231379 150.019722
-37.264454 150.019137
-37.256813 149.989806
-37.281869 149.947893
-37.398338 149.949414
-37.429307 149.956218
-37.473749 149.976504
-37.501118 149.979537
-37.512674 149.977755
-37.522214 149.971635
-37.552085 149.899419
-37.55834 149.823585
-37.560419 149.785515
-37.598885 149.746608
-37.696391 149.672817
-37.735577 149.578641
-37.737224 149.562765
-37.758608 149.505246
-37.78334 149.457186
-37.795283 149.309415
-37.793618 149.254704
-37.792781 149.080266
-37.797785 148.826214
-37.805687 148.774842
-37.811942 148.753053
-37.816667 148.658598
-37.811672 148.493835
-37.821671 148.309146
-37.826108 148.281372
-37.839716 148.206906
-37.902365 147.963987
-37.911113 147.936915
-37.945277 147.846348
-37.982501 147.759156
-37.996388 147.734127
-38.042504 147.654693
-38.083067 147.587733
-38.113334 147.541077
-38.194721 147.429693
-38.238056 147.372462
-38.363066 147.213009
-38.388266 147.185595
-38.454722 147.114405
-38.56958 146.988144
-38.585276 146.969415
-38.65166 146.873565
-38.660138 146.835729
-38.673746 146.649843
-38.700557 146.501649
-38.717216 146.431089
-38.697848 146.352735
-38.702231 146.261106
-38.70611 146.236905
-38.715974 146.219274
-38.757437 146.184687
-38.916566 146.296494
-38.853116 146.412063
-38.825279 146.419128
-38.792636 146.432952
-38.805623 146.469276
-39.076253 146.483721
-39.134726 146.425113
-39.144446 146.407473
-39.147227 146.394135
-39.14666 146.385531
-39.130001 146.346912
-39.097574 146.319543
-38.981942 146.268585
-38.948894 146.247057
-38.921669 146.226627
-38.901932 146.20914
-38.886947 146.19303
-38.862782 146.165796
-38.84597 146.142342
-38.835557 146.120652
-38.825279 146.089143
-38.819996 146.065248
-38.821256 146.03832
-38.832218 146.016099
-38.863403 146.00268
-38.856941 145.904418
-38.72861 145.82358
-38.704715 145.834407
-38.705273 145.84302
-38.698613 145.847475
-38.65229 145.816146
-38.643614 145.7847
-38.639726 145.753596
-38.641391 145.727874
-38.661947 145.68192
-38.677229 145.658529
-38.68361 145.607463
-38.665133 145.566207
-38.545838 145.416069
-38.523608 145.416384
-38.452229 145.432188
-38.429999 145.49553
-38.423114 145.520325
-38.374307 145.555254
-38.248199 145.485522
-38.226932 145.444275
-38.237633 145.255464
-38.349161 145.213011
-38.497391 145.030401
-38.510837 144.941652
-38.505833 144.901368
-38.377772 144.761112
-38.376944 144.790389
-38.383055 144.81387
-38.383892 144.838863
-38.377772 144.88038
-38.369717 144.9108
-38.360834 144.941076
-38.340485 144.985014
-38.16764 145.119123
-38.137013 145.131273
-38.070278 145.114686
-38.043062 145.099251
-37.891943 144.97551
-37.875689 144.948303
-37.868543 144.917685
-37.9025 144.824688
-37.962773 144.746919
-38.003894 144.691227
-38.023325 144.661104
-38.101112 144.526914
-38.113055 144.385938
-38.126528 144.368568
-38.145833 144.362871
-38.162771 144.374544
-38.170277 144.396225
-38.181527 144.513027
-38.176109 144.547056
-38.160557 144.590787
-38.149442 144.609957
-38.133953 144.637128
-38.136113 144.679293
-38.149163 144.706347
-38.178053 144.721206
-38.222504 144.710505
-38.285 144.658872
-38.299724 144.633879
-38.29778 144.599535
-38.285144 144.570393
-38.283758 144.548604
-38.309579 144.395127
-38.324447 144.363285
-38.484584 144.061641
-38.537153 143.998785
-38.642561 143.905743
-38.696525 143.842329
-38.714165 143.769438
-38.720276 143.731899
-38.740274 143.69517
-38.753891 143.683875
-38.783951 143.673156
-38.859236 143.542953
-38.851244 143.505468
-38.834999 143.484129
-38.794445 143.443863
-38.768336 143.387478
-38.757779 143.338851
-38.716109 143.179965
-38.678471 143.133165
-38.658887 143.096346
-38.63708 143.048169
-38.629025 143.017623
-38.629304 142.971633
-38.598335 142.859952
-38.57597 142.803315
-38.545559 142.758882
-38.531672 142.741638
-38.455271 142.612182
-38.412773 142.535241
-38.363894 142.379334
-38.384657 142.26894
-38.401667 142.250382
-38.402783 142.227756
-38.400137 142.160382
-38.369717 142.088292
-38.35556 142.062471
-38.310551 141.987744
-38.292092 141.964695
-38.267504 141.821352
-38.267081 141.750945
-38.270555 141.721614
-38.282921 141.679413
-38.321873 141.620166
-38.352986 141.619752
-38.367503 141.635799
-38.399867 141.650217
-38.417219 141.571359
-38.372498 141.454134
-38.314862 141.392628
-38.289446 141.367464
-38.228336 141.289425
-38.193056 141.239682
-38.160557 141.193026
-38.134997 141.146361
-38.123882 141.125517
-38.113892 141.103575
-38.082779 141.025815
-38.074175 141.00192
-38.064221 140.968044
-38.059298 140.93928
-38.054717 140.850648
-38.057363 140.822325
-38.073887 140.77179
-38.071943 140.698584
-38.067632 140.671647
-38.032217 140.586093
-38.000285 140.529969
-37.861667 140.355927
-37.819313 140.335236
-37.671947 140.238279
-37.530701 140.121351
-37.504448 140.080536
-37.490417 140.049837
-37.489868 140.025465
-37.492496 139.993839
-37.331387 139.841334
-37.299725 139.814415
-37.273607 139.797765
-37.199717 139.75137
-37.167983 139.763808
-37.147994 139.783032
-37.107782 139.780269
-37.014308 139.733721
-36.921671 139.751919
-36.899162 139.793184
-36.874583 139.822893
-36.844028 139.845672
-36.826109 139.854672
-36.794726 139.861755
-36.762218 139.865103
-36.732221 139.864968
-36.660824 139.860792
-36.635003 139.854402
-36.577781 139.826898
-36.554579 139.823496
-36.254717 139.673583
-36.209726 139.648032
-36.056105 139.508703
-36.035783 139.494357
-35.959193 139.422924
-35.943605 139.407012
-35.910611 139.371849
-35.86778 139.324527
-35.838449 139.289355
-35.750636 139.189329
-35.679761 139.082598
-35.681336 139.109616
-35.692559 139.131432
-35.839718 139.343292
-35.88722 139.403871
-35.959724 139.476213
-36.088469 139.583997
-36.125828 139.612185
-36.185273 139.643037
-36.216242 139.660398
-36.187217 139.663296
-36.146942 139.649715
-36.04139 139.60413
-36.020834 139.58856
-35.995418 139.566501
-35.9675 139.53888
-35.919449 139.488552
-35.884169 139.448025
-35.772776 139.295808
-35.676557 139.186242
-35.657054 139.154238
-35.637722 139.123242
-35.612513 139.099563
-35.524025 139.097592
-35.505071 139.133709
-35.503892 139.159701
-35.557253 139.235139
-35.597015 139.237884
-35.682632 139.226076
-35.69993 139.2417
-35.691389 139.335831
-35.603891 139.361355
-35.470412 139.373082
-35.374445 139.356612
-35.322227 139.237182
-35.316665 139.212468
-35.332496 139.189212
-35.379026 139.13469
-35.392778 139.079565
-35.392778 139.058595
-35.39069 139.020669
-35.397503 138.989817
-35.408474 138.969954
-35.427914 138.955383
-35.448893 138.949551
-35.475587 138.959469
-35.485001 138.987315
-35.490284 139.016916
-35.509868 139.035807
-35.557424 138.99114
-35.560556 138.965517
-35.554715 138.900546
-35.545283 138.835512
-35.538335 138.807891
-35.535833 138.777192
-35.538758 138.7215
-35.563058 138.650544
-35.581391 138.626892
-35.603477 138.610386
-35.622773 138.591081
-35.653472 138.53628
-35.671391 138.202182
-35.669582 138.174975
-35.660825 138.150126
-35.653058 138.137481
-35.619164 138.093156
-35.553608 138.128571
-35.532917 138.153024
-35.521109 138.194118
-35.513333 138.216375
-35.494442 138.258324
-35.479025 138.28554
-35.343818 138.438783
-35.211662 138.467475
-35.176949 138.455091
-35.113058 138.464964
-35.089163 138.4758
-35.070281 138.491478
-35.045702 138.509154
-35.025002 138.514167
-35.005013 138.511656
-34.934435 138.498291
-34.89389 138.486357
-34.862921 138.481083
-34.773263 138.504537
-34.728884 138.496068
-34.642223 138.435246
-34.62749 138.419982
-34.613891 138.403044
-34.500698 138.290121
-34.480133 138.274983
-34.458605 138.265533
-34.383059 138.242466
-34.356941 138.2355
-34.314866 138.219678
-34.206947 138.151917
-34.134929 138.092256
-34.139654 138.068028
-34.257158 138.006927
-34.284518 138.019626
-34.30187 138.03372
-34.344161 138.019005
-34.373051 137.989962
-34.386389 137.972745
-34.407215 137.940669
-34.425422 137.924424
-34.525286 137.889144
-34.600202 137.887281
-34.657496 137.886651
-34.711109 137.875518
-34.839161 137.8269
-34.873613 137.809692
-35.049725 137.749122
-35.094167 137.753739
-35.132786 137.748177
-35.181665 137.674413
-35.172575 137.631051
-35.149724 137.595789
-35.137502 137.566908
-35.12888 137.532204
-35.113895 137.459826
-35.119988 137.421081
-35.1782 137.233566
-35.191106 137.216628
-35.214443 137.205243
-35.235134 137.191086
-35.248202 137.16684
-35.248607 137.137212
-35.244719 137.114136
-35.232083 137.076786
-35.228051 137.053863
-35.230688 137.027637
-35.240552 137.007198
-35.269442 136.966896
-35.286668 136.949823
-35.304029 136.89234
-35.291114 136.859679
-35.251802 136.8315
-35.202365 136.868364
-35.189855 136.894149
-35.147231 136.936647
-35.099792 136.960389
-35.059652 136.956636
-34.958888 136.977039
-34.902008 137.024082
-34.909163 137.05218
-34.922501 137.079405
-34.929584 137.107746
-34.928198 137.135232
-34.910693 137.193309
-34.906454 137.281491
-34.928891 137.298645
-34.960823 137.384694
-34.956665 137.406375
-34.93889 137.434149
-34.917083 137.447055
-34.896941 137.454138
-34.658612 137.498562
-34.471664 137.481084
-34.28639 137.493279
-34.242497 137.487186
-34.192502 137.469699
-34.160417 137.451708
-34.143542 137.466135
-34.150553 137.503323
-34.143335 137.514843
-34.095554 137.543877
-34.064999 137.555541
-33.955838 137.59497
-33.884027 137.60289
-33.849161 137.632176
-33.697367 137.777751
-33.605135 137.890116
-33.598052 137.910663
-33.595271 137.932191
-33.559298 137.94858
-33.510284 137.941659
-33.44138 137.916072
-33.322769 137.847474
-33.278057 137.814345
-33.223193 137.828313
-33.201944 137.844972
-33.167501 137.901915
-33.149447 137.954952
-33.148052 138.019563
-33.12944 138.04686
-33.078059 138.039426
-33.02882 138.008925
-33.021665 137.97774
-33.009173 137.954133
-32.787224 137.896362
-32.688044 137.843847
-32.63138 137.829951
-32.566877 137.81628
-32.532497 137.762973
-32.551109 137.755242
-32.576111 137.754423
-32.695766 137.755107
-32.706665 137.778453
-32.722352 137.791917
-32.740973 137.801223
-32.84792 137.807622
-32.992775 137.774844
-32.995286 137.722743
-33.029729 137.595519
-33.127775 137.488284
-33.194447 137.443023
-33.300278 137.385252
-33.320834 137.378574
-33.351668 137.375379
-33.383339 137.379411
-33.429374 137.361123
-33.561809 137.279439
-33.64334 137.226897
-33.66611 137.209968
-33.703325 137.165265
-33.713756 137.142063
-33.717266 137.020284
-33.688547 136.978425
-33.681032 136.949715
-33.7625 136.884285
-33.773057 136.902771
-33.806942 136.863864
-33.890552 136.661103
-33.931943 136.579959
-34.040978 136.413459
-34.090208 136.356552
-34.122158 136.351341
-34.190135 136.318176
-34.198883 136.306089
-34.277363 136.256931
-34.297226 136.241334
-34.332155 136.206576
-34.337771 136.184967
-34.346528 136.148724
-34.36208 136.125873
-34.483607 136.040256
-34.515566 135.967194
-34.536869 135.936909
-34.638335 135.874971
-34.815212 135.80379
-34.824716 135.829134
-34.819865 135.872883
-34.806941 135.902205
-34.767215 135.953856
-34.7426 136.006668
-34.795142 136.019988
-34.991801 136.004634
-35.008235 135.956412
-34.966736 135.930114
-34.890281 135.846621
-34.870283 135.815112
-34.860284 135.786654
-34.858052 135.755109
-34.867772 135.723978
-34.888202 135.705654
-34.910279 135.701082
-34.953821 135.679698
-34.958051 135.665253
-34.952786 135.643581
-34.920836 135.619416
-34.893053 135.606078
-34.865837 135.582453
-34.751114 135.474669
-34.624853 135.326358
-34.573202 135.248031
-34.565066 135.215865
-34.588124 135.147123
-34.594757 135.11232
-34.503893 135.151641
-34.435826 135.208512
-34.471934 135.210447
-34.498052 135.213228
-34.614161 135.344421
-34.644023 135.396522
-34.617086 135.495864
-34.604585 135.441081
-34.583606 135.394857
-34.552223 135.382194
-34.52597 135.37683
-34.495343 135.393111
-34.289171 135.349119
-34.193879 135.30996
-34.120277 135.272628
-34.006526 135.261081
-33.919442 135.193842
-33.790553 135.057465
-33.768611 135.033597
-33.734447 134.981631
-33.702497 134.930799
-33.637778 134.840664
-33.595838 134.848161
-33.568055 134.862588
-33.54146 134.868429
-33.496109 134.863281
-33.471935 134.857998
-33.394715 134.828037
-33.352784 134.808588
-33.17723 134.707473
-33.167078 134.689284
-33.139997 134.59356
-33.164513 134.408664
-33.182216 134.387757
-33.202781 134.329545
-33.145559 134.268714
-33.119999 134.26929
-32.954444 134.195661
-32.842772 134.129394
-32.720867 134.074512
-32.725826 134.154693
-32.756876 134.193996
-32.807636 134.208189
-32.783894 134.224119
-32.728742 134.276517
-32.677496 134.297073
-32.588549 134.276364
-32.522498 134.223021
-32.503616 134.205534
-32.48666 134.184141
-32.4575 134.143038
-32.453477 134.114121
-32.49584 133.955532
-32.548193 133.890651
-32.541812 133.852869
-32.460416 133.854399
-32.404715 133.883298
-32.415614 133.902819
-32.421671 133.93413
-32.398262 133.950789
-32.329448 133.901919
-32.299172 133.87356
-32.250833 133.826355
-32.213888 133.756659
-32.200559 133.725528
-32.181119 133.694973
-32.152427 133.662825
-32.115689 133.673688
-32.098058 133.605864
-32.114924 133.581348
-32.165693 133.566696
-32.209865 133.485111
-32.213339 133.417206
-32.19749 133.226073
-32.190839 133.166655
-32.184449 133.135956
-32.137919 133.084827
-32.119865 133.065522
-32.101388 133.026228
-32.091668 132.973569
-32.006105 132.859413
-31.977917 132.832881
-31.956245 132.785244
-31.950836 132.764436
-31.935833 132.584409
-31.938893 132.549138
-31.944716 132.518313
-31.952501 132.488865
-31.969997 132.455385
-32.011676 132.414156
-32.037785 132.327747
-32.041673 132.264981
-32.026949 132.195933
-32.008895 132.172767
-31.990004 132.154695
-31.970834 132.137478
-31.881941 132.026922
-31.747769 131.8158
-31.722218 131.769135
-31.670558 131.666652
-31.595552 131.492466
-31.585832 131.46912
-31.543334 131.364963
-31.511672 131.276916
-31.478471 131.174145
-31.474025 131.148594
-31.477499 131.115177
-31.491395 131.090238
-31.508333 131.06943
-31.533335 131.041224
-31.548887 131.012478
-31.604723 130.843989
-31.610285 130.79358
-31.612085 130.763736
-31.610834 130.732182
-31.60889 130.70304
-31.603895 130.644432
-31.576112 130.263309
-31.576391 130.236354
-31.579163 130.148865
-31.593338 129.93579
-31.603022 129.885075
-31.614443 129.838293
-31.621661 129.701079
-31.638608 129.47553
-31.658336 129.2319
-31.682501 129.060243
-31.687496 129.029418
-31.692608 129.000276
-31.696109 128.978721
-31.703327 128.952459
-31.769441 128.793024
-31.779161 128.773314
-31.816394 128.70414
-31.88834 128.554407
-32.031674 128.182734
-32.08958 128.012346
-32.101109 127.949418
-32.119442 127.828323
-32.134724 127.737495
-32.170832 127.628865
-32.202782 127.538595
-32.266943 127.334718
-32.278337 127.267767
-32.293889 127.164987
-32.298488 127.124973
-32.303609 127.023039
-32.305004 126.99054
-32.31584 126.687195
-32.314166 126.638604
-32.309162 126.573606
-32.29973 126.458883
-32.292224 126.399429
-32.272226 126.328599
-32.262218 126.303039
-32.256395 126.283059
-32.2514 126.261378
-32.246945 126.239157
-32.240834 126.208602
-32.238476 126.179703
-32.243471 126.152901
-32.254586 126.130806
-32.278472 126.091791
-32.284997 126.069291
-32.284727 126.045252
-32.27417 126.012501
-32.266736 125.972271
-32.343605 125.806509
-32.467769 125.617752
-32.494517 125.582832
-32.516387 125.559972
-32.530553 125.54082
-32.546807 125.51499
-32.573339 125.444295
-32.582501 125.398881
-32.584166 125.377767
-32.590556 125.336925
-32.598755 125.302338
-32.624441 125.246376
-32.742224 124.995537
-32.785559 124.9272
-32.813333 124.896663
-32.829866 124.879563
-32.89778 124.746642
-32.910281 124.70499
-32.916392 124.664697
-32.928056 124.580556
-32.936948 124.497486
-32.940836 124.453323
-32.945543 124.40277
-32.957504 124.352766
-32.964722 124.328871
-32.975 124.301655
-32.985557 124.281936
-33.04916 124.190118
-33.079724 124.157763
-33.096392 124.141095
-33.139448 124.106373
-33.162083 124.090956
-33.393617 124.002495
-33.538895 123.964722
-33.559586 123.955947
-33.573338 123.939144
-33.583067 123.918318
-33.615836 123.859989
-33.677225 123.789978
-33.69527 123.76971
-33.714161 123.752493
-33.752411 123.735879
-33.779726 123.734988
-33.820559 123.690807
-33.846947 123.648885
-33.905825 123.540822
-33.908471 123.470127
-33.900272 123.451506
-33.896942 123.429429
-33.895835 123.405543
-33.895142 123.369003
-33.903818 123.342759
-33.941663 123.305256
-33.971174 123.282693
-34.000001 123.236361
-34.018613 123.168051
-33.94916 123.139431
-33.886943 123.100686
-33.875828 123.080274
-33.857576 123.017823
-33.885566 122.914989
-33.906932 122.844978
-33.906797 122.817474
-33.893333 122.730273
-33.898058 122.593797
-33.913331 122.57568
-33.925832 122.433309
-33.912359 122.377068
-33.912917 122.354424
-33.931592 122.298237
-33.9659 122.262273
-34.016732 122.251374
-34.028612 122.118318
-34.017776 122.079708
-33.98021 122.100921
-33.927227 122.086386
-33.893198 122.071518
-33.86861 122.052204
-33.853058 122.037201
-33.831107 122.013738
-33.824726 121.993866
-33.83639 121.916781
-33.858746 121.886019
-33.880553 121.861647
-33.891947 121.83471
-33.899507 121.780953
-33.860285 121.672494
-33.82154 121.522617
-33.817508 121.461111
-33.815276 121.370814
-33.815555 121.336101
-33.838892 121.219713
-33.856946 121.051656
-33.862778 120.929697
-33.856811 120.884841
-33.856676 120.862485
-33.866945 120.83472
-33.879581 120.8097
-33.888059 120.791376
-33.894449 120.72276
-33.895835 120.693861
-33.917219 120.540267
-33.948881 120.485529
-33.973919 120.416994
-33.963614 120.369132
-33.945542 120.288033
-33.939719 120.253059
-33.937496 120.229983
-33.925553 120.02832
-33.928883 120.004992
-33.934436 119.979981
-33.978059 119.812896
-33.991523 119.788866
-34.010558 119.770263
-34.03223 119.754576
-34.045838 119.738871
-34.064027 119.707776
-34.078895 119.672766
-34.089722 119.644146
-34.1 119.616093
-34.149725 119.563587
-34.270415 119.480949
-34.331813 119.467485
-34.446941 119.325546
-34.504442 119.2086
-34.495001 119.185254
-34.474715 119.111364
-34.466111 119.078874
-34.449443 118.935252
-34.453052 118.911654
-34.462214 118.890261
-34.533053 118.764855
-34.549991 118.7397
-34.569458 118.721646
-34.575011 118.719432
-34.606943 118.754172
-34.625969 118.735686
-34.63973 118.719144
-34.650269 118.699146
-34.680482 118.637892
-34.685558 118.612197
-34.690688 118.582074
-34.7075 118.518336
-34.723745 118.477062
-34.743545 118.444554
-34.774172 118.418058
-34.801109 118.399716
-34.840277 118.38762
-34.905554 118.281663
-34.993889 118.081674
-35.030132 117.837972
-35.050625 117.833805
-35.071946 117.857754
-35.082638 117.883044
-35.092367 117.949158
-35.096912 117.995886
-35.125343 117.934146
-35.114066 117.858447
-35.079173 117.809415
-35.065277 117.784143
-35.051804 117.748728
-35.048051 117.726642
-35.051255 117.664083
-35.069444 117.632763
-35.090837 117.61956
-35.138339 117.609705
-35.098613 117.554157
-35.088335 117.53334
-35.024723 117.355131
-35.018891 117.332487
-35.011943 117.18387
-35.015768 116.948385
-35.041733 116.915328
-35.056106 116.895681
-35.056664 116.873028
-35.049023 116.838054
-35.039726 116.814699
-35.016947 116.724429
-35.03222 116.658045
-35.033057 116.60193
-34.999595 116.46054
-34.948052 116.375526
-34.918334 116.324712
-34.887779 116.268597
-34.877771 116.246376
-34.866107 116.216928
-34.854443 116.178867
-34.838054 116.092485
-34.819451 115.973604
-34.769447 115.952472
-34.751114 115.943868
-34.703189 115.913322
-34.60778 115.814142
-34.584722 115.788465
-34.467776 115.648038
-34.383608 115.495677
-34.333892 115.386102
-34.304867 115.314003
-34.297919 115.241022
-34.301258 115.204428
-34.312769 115.168311
-34.343963 115.146657
-34.362782 115.122213
-34.323893 115.073883
-34.262432 115.008948
-34.224866 115.004574
-34.203194 115.007211
-34.175897 115.010271
-34.018613 114.976647
-33.866108 114.957765
-33.692363 114.953742
-33.524108 114.997104
-33.533747 115.03971
-33.575687 115.081866
-33.611183 115.101297
-33.635564 115.155819
-33.653267 115.220538
-33.652214 115.261659
-33.650558 115.282494
-33.645977 115.315533
-33.633053 115.363602
-33.62138 115.396947
-33.605135 115.429689
-33.310277 115.667757
-33.30278 115.690257
-33.286391 115.704423
-33.264026 115.712631
-33.242219 115.714287
-32.981948 115.66944
-32.924447 115.653051
-32.867504 115.635537
-32.806664 115.619427
-32.670692 115.594362
-32.602841 115.617618
-32.522219 115.694496
-32.554061 115.691157
-32.58611 115.652772
-32.607782 115.633728
-32.648606 115.632063
-32.745779 115.672707
-32.781113 115.700256
-32.770349 115.718247
-32.715665 115.715988
-32.644448 115.733601
-32.572502 115.761933
-32.448878 115.74387
-32.320835 115.732485
-32.264864 115.734978
-32.191802 115.755255
-32.095277 115.737768
-31.934312 115.743996
-31.893335 115.743312
-31.868054 115.739982
-31.716395 115.705818
-31.683608 115.693587
-31.660559 115.681662
-31.595282 115.639425
-31.48361 115.567209
-31.301666 115.4511
-31.27958 115.437753
-31.184162 115.394994
-31.122224 115.375266
-31.102217 115.368588
-30.986666 115.310241
-30.891941 115.246935
-30.847364 115.209351
-30.771944 115.167483
-30.588893 115.081101
-30.504716 115.04727
-30.477221 115.054488
-30.274172 115.023609
-30.145553 114.98526
-30.075623 114.957198
-30.060278 114.937191
-29.7368 114.939144
-29.670551 114.941934
-29.629313 114.947064
-29.567078 114.961239
-29.537639 114.973443
-29.508191 114.979428
-29.487779 114.978042
-29.335553 114.928236
-29.299166 114.902775
-29.258612 114.903108
-29.205836 114.887349
-29.096531 114.834852
-28.968056 114.719994
-28.944161 114.691095
-28.91888 114.656022
-28.871108 114.619284
-28.82834 114.596649
-28.797497 114.591663
-28.767779 114.592212
-28.725272 114.596496
-28.681109 114.591924
-28.633058 114.584148
-28.531943 114.529986
-28.505834 114.514164
-28.488059 114.50277
-28.320839 114.369705
-28.22993 114.307479
-28.208267 114.261516
-28.18889 114.231654
-28.166246 114.210126
-28.150559 114.197202
-28.09097 114.15429
-28.069163 114.14583
-27.947771 114.116652
-27.851525 114.094701
-27.819998 114.09651
-27.77723 114.107481
-27.735695 114.125265
-27.707219 114.140961
-27.662498 114.135273
-27.603332 114.121377
-27.505556 114.093324
-27.451106 114.072777
-27.363887 114.02721
-27.19889 113.936922
-26.9675 113.799141
-26.950553 113.787198
-26.815832 113.687766
-26.69084 113.585823
-26.63333 113.53554
-26.596322 113.498379
-26.555552 113.446638
-26.399447 113.281092
-26.239166 113.224428
-26.195831 113.253597
-26.156456 113.270472
-26.12834 113.273613
-26.100269 113.270265
-26.064026 113.264163
-26.039996 113.267898
-26.027774 113.287653
-26.126108 113.301657
-26.16722 113.303313
-26.222498 113.304159
-26.278622 113.334156
-26.186381 113.357754
-26.11889 113.365539
-26.284166 113.5143
-26.337914 113.534577
-26.400554 113.539698
-26.508059 113.546376
-26.569718 113.569722
-26.654309 113.643459
-26.659448 113.666652
-26.659997 113.674428
-26.634167 113.677461
-26.594162 113.741928
-26.603477 113.784012
-26.573894 113.81526
-26.507501 113.855814
-26.484722 113.863869
-26.459162 113.864697
-26.336528 113.861376
-26.284868 113.828796
-26.250551 113.789142
-26.226665 113.743593
-26.169443 113.652207
-26.074997 113.551227
-25.989443 113.53221
-25.858745 113.492763
-25.793891 113.446638
-25.737362 113.4036
-25.710416 113.391108
-25.67834 113.392494
-25.655003 113.398038
-25.628192 113.408604
-25.609715 113.41971
-25.540838 113.469435
-25.560278 113.497758
-25.623611 113.529708
-25.712216 113.591088
-25.763894 113.651658
-25.795205 113.697405
-25.88903 113.73408
-26.007569 113.709843
-26.034866 113.681916
-26.119583 113.684283
-26.196947 113.71401
-26.201186 113.764842
-26.168327 113.798592
-26.134163 113.820831
-26.055692 113.863311
-26.02889 113.878863
-26.121941 113.905251
-26.209448 113.926932
-26.26361 113.931234
-26.32778 113.958882
-26.461664 114.069294
-26.372915 114.194907
-26.2925 114.221448
-26.267084 114.210126
-26.253611 114.191226
-26.230283 114.182748
-26.182637 114.171858
-26.031113 114.195537
-25.989164 114.206382
-26.001395 114.2397
-25.970552 114.256944
-25.847846 114.258105
-25.731944 114.139431
-25.652222 114.05304
-25.633754 114.034293
-25.495559 113.951664
-25.431668 113.915124
-25.325558 113.868873
-25.248608 113.836923
-25.181243 113.806647
-25.1675 113.790816
-25.141112 113.745528
-25.122428 113.701086
-25.015283 113.651649
-24.889166 113.611104
-24.84458 113.602761
-24.813197 113.614983
-24.753743 113.614146
-24.733331 113.604156
-24.691949 113.574996
-24.659999 113.551659
-24.606395 113.504436
-24.584165 113.48442
-24.562223 113.459436
-24.525278 113.425677
-24.472502 113.40027
-24.451946 113.394438
-24.429446 113.389713
-24.230762 113.384079
-24.134444 113.424426
-24.011387 113.446377
-23.878052 113.488038
-23.757227 113.53221
-23.630282 113.601249
-23.599025 113.635413
-23.586389 113.671287
-23.527214 113.743035
-23.472773 113.763042
-23.44166 113.768334
-23.326667 113.781996
-23.19389 113.76027
-23.105555 113.782491
-23.084999 113.799141
-23.055551 113.813181
-23.030558 113.818329
-22.933331 113.807484
-22.913333 113.800806
-22.818194 113.766111
-22.793894 113.753043
-22.76729 113.736582
-22.738328 113.710401
-22.68611 113.671098
-22.604714 113.656374
-22.537817 113.692509
-22.475276 113.733315
-22.334165 113.799708
-22.280552 113.820264
-22.231664 113.837769
-22.153895 113.863032
-22.055282 113.894991
-21.976109 113.933322
-21.880286 113.996376
-21.856805 114.013044
-21.841667 114.03027
-21.810833 114.089292
-21.798818 114.162975
-21.822785 114.175953
-21.846527 114.155397
-21.878612 114.135948
-21.910283 114.126642
-22.174235 114.077763
-22.200551 114.086106
-22.273334 114.121377
-22.301387 114.141933
-22.396949 114.118101
-22.486526 114.110262
-22.521455 114.137217
-22.527782 114.153876
-22.508891 114.197742
-22.442498 114.372486
-22.364513 114.390333
-22.335551 114.399981
-22.314167 114.408333
-22.190273 114.46083
-22.087223 114.518052
-21.922919 114.625404
-21.90014 114.630111
-21.859163 114.636231
-21.840002 114.65109
-21.813335 114.69609
-21.800834 114.738876
-21.748058 114.839712
-21.688685 114.942753
-21.687785 114.981093
-21.690341 115.02387
-21.681107 115.052751
-21.630554 115.159716
-21.591944 115.245531
-21.566393 115.336647
-21.517784 115.451928
-21.503609 115.469712
-21.472496 115.49637
-21.440276 115.521102
-21.404447 115.549425
-21.331943 115.619427
-21.319442 115.635276
-21.287501 115.679979
-21.267503 115.736643
-21.247775 115.786377
-21.236525 115.80651
-21.220001 115.822215
-21.190553 115.83693
-21.145553 115.86249
-21.124997 115.877763
-21.082634 115.910541
-21.069026 115.925256
-21.052223 115.954434
-21.036392 115.987491
-21.030002 116.008605
-20.984444 116.129151
-20.965832 116.159859
-20.945285 116.171919
-20.901941 116.185527
-20.868893 116.248869
-20.861666 116.309421
-20.806109 116.475534
-20.730068 116.606304
-20.649167 116.707491
-20.665628 116.788509
-20.705975 116.831925
-20.717504 116.875746
-20.711105 116.898327
-20.696948 116.925822
-20.677013 116.950122
-20.652218 116.993322
-20.627918 117.045396
-20.621663 117.066672
-20.65382 117.165267
-20.688191 117.197559
-20.717639 117.267912
-20.724029 117.295389
-20.728052 117.317205
-20.730554 117.342333
-20.731391 117.380538
-20.729852 117.406233
-20.716388 117.481932
-20.676392 117.685395
-20.656394 117.737766
-20.618189 117.831519
-20.608334 117.850275
-20.554586 117.921915
-20.529863 117.933723
-20.468051 118.000548
-20.410001 118.069155
-20.364578 118.138455
-20.348684 118.178514
-20.37347 118.192203
-20.374172 118.234989
-20.349728 118.397493
-20.325284 118.545255
-20.331107 118.657764
-20.285837 118.801089
-20.273336 118.820547
-20.116943 118.949985
-20.093606 118.962198
-20.041316 118.979883
-19.968749 119.080269
-19.956941 119.168874
-19.959443 119.188872
-19.999448 119.365812
-20.016944 119.434149
-20.06666 119.552625
-20.070836 119.581794
-20.066111 119.601378
-20.018339 119.692746
-19.998053 119.720835
-19.971665 119.785536
-19.933055 120.022488
-19.916666 120.164013
-19.914722 120.203874
-19.908755 120.239568
-19.87847 120.337209
-19.791944 120.559419
-19.665269 120.878595
-19.650554 120.911103
-19.611242 120.993597
-19.592225 121.027482
-19.557782 121.0761
-19.518056 121.130676
-19.45916 121.20804
-19.438469 121.2336
-19.394999 121.276656
-19.347218 121.320261
-19.332215 121.333878
-19.123055 121.488588
-19.095839 121.5036
-18.993608 121.557213
-18.813887 121.639428
-18.636812 121.777344
-18.602423 121.764159
-18.556109 121.764996
-18.480284 121.800537
-18.45836 121.824153
-18.470276 121.848876
-18.473741 121.889844
-18.448055 121.939704
-18.410003 121.992759
-18.392219 122.013603
-18.376109 122.028588
-18.355004 122.043051
-18.317501 122.066676
-18.310697 122.091939
-18.299447 122.111649
-18.288611 122.128587
-18.156527 122.314284
-18.13139 122.337486
-18.100556 122.355261
-18.060551 122.367618
-18.038339 122.369706
-18.005552 122.361651
-17.988605 122.350968
-17.979443 122.332212
-17.958338 122.252769
-17.89361 122.211099
-17.704583 122.199849
-17.685971 122.191362
-17.663057 122.176377
-17.582633 122.146794
-17.558054 122.140827
-17.518472 122.138604
-17.363051 122.143878
-17.243333 122.174991
-17.107784 122.256657
-17.080838 122.284701
-17.010836 122.362488
-16.996112 122.379156
-16.981946 122.399424
-16.954163 122.447412
-16.956665 122.524425
-16.953326 122.574294
-16.86473 122.527062
-16.844723 122.523885
-16.789868 122.566509
-16.779311 122.593932
-16.799714 122.616153
-16.799723 122.639706
-16.788059 122.676651
-16.76222 122.752206
-16.733609 122.762205
-16.697429 122.736573
-16.600553 122.760558
-16.569233 122.788665
-16.568756 122.817213
-16.558757 122.841369
-16.502363 122.894289
-16.47611 122.894433
-16.447292 122.899428
-16.414586 122.920254
-16.389719 122.991651
-16.455554 123.060249
-16.481321 123.039081
-16.475417 123.011937
-16.475975 122.989491
-16.58681 122.956227
-16.628057 122.977206
-16.670276 123.019713
-16.695557 123.068313
-16.716113 123.096096
-16.792784 123.116382
-16.952219 123.204708
-17.137502 123.307749
-17.246942 123.374421
-17.342774 123.434712
-17.409167 123.478047
-17.494163 123.535809
-17.514998 123.553449
-17.597501 123.575274
-17.586602 123.583734
-17.509724 123.594021
-17.469998 123.568173
-17.445824 123.559983
-17.367218 123.563601
-17.206109 123.619005
-17.072918 123.574005
-17.030069 123.576516
-16.996661 123.592617
-16.994789 123.655752
-17.066663 123.727482
-17.118611 123.764985
-17.142497 123.78249
-17.206388 123.855822
-17.221247 123.891444
-17.20826 123.916023
-17.190962 123.877566
-17.136179 123.831936
-17.039447 123.803037
-16.997984 123.796377
-16.943894 123.836931
-16.893332 123.89166
-16.876394 123.858315
-16.898894 123.782211
-16.888193 123.766371
-16.869716 123.754176
-16.788059 123.717753
-16.673336 123.607755
-16.564166 123.613596
-16.568333 123.544566
-16.565975 123.501375
-16.537778 123.458886
-16.49951 123.425181
-16.497215 123.49332
-16.515557 123.563025
-16.531388 123.61734
-16.529444 123.6411
-16.430282 123.708879
-16.378892 123.717483
-16.340138 123.707484
-16.332776 123.679431
-16.319096 123.595749
-16.288334 123.560253
-16.200557 123.557202
-16.171667 123.5709
-16.156259 123.603183
-16.13861 123.72624
-16.198991 123.806403
-16.246106 123.783867
-16.259516 123.732702
-16.368056 123.839154
-16.378892 123.891372
-16.339868 123.892776
-16.245557 123.964425
-16.262504 124.086249
-16.27334 124.113033
-16.285283 124.13997
-16.3025 124.166376
-16.338608 124.182486
-16.38521 124.202556
-16.404236 124.229844
-16.409861 124.333029
-16.392086 124.343865
-16.352783 124.384365
-16.366112 124.414992
-16.395839 124.475805
-16.405559 124.578603
-16.393895 124.664697
-16.384868 124.729146
-16.389656 124.762275
-16.430003 124.835823
-16.428878 124.847487
-16.406702 124.893045
-16.403822 124.840818
-16.399997 124.815267
-16.375823 124.749153
-16.34687 124.697349
-16.327781 124.615251
-16.324163 124.562349
-16.335422 124.50249
-16.3475 124.479981
-16.3475 124.417899
-16.329446 124.400547
-16.282502 124.382196
-16.221941 124.376085
-16.17236 124.391934
-16.102502 124.430544
-16.09334 124.470837
-16.143893 124.499709
-16.163612 124.518735
-16.114166 124.593048
-16.02278 124.585272
-15.956108 124.601643
-15.918605 124.614702
-15.863057 124.665264
-15.808958 124.726716
-15.793613 124.697745
-15.786944 124.670115
-15.802289 124.616214
-15.854714 124.577208
-15.880832 124.56081
-15.899444 124.550811
-15.936389 124.534719
-15.937217 124.487766
-15.864308 124.400196
-15.731945 124.377471
-15.668333 124.371927
-15.478262 124.457265
-15.465212 124.488936
-15.490835 124.538661
-15.516809 124.581789
-15.507503 124.606647
-15.47972 124.656372
-15.454997 124.674147
-15.342776 124.660809
-15.263054 124.66332
-15.253334 124.705269
-15.356105 124.912494
-15.379586 124.94178
-15.431813 124.993728
-15.520679 125.18181
-15.506945 125.176995
-15.462782 125.11971
-15.450551 125.101386
-15.430418 125.076375
-15.407783 125.071101
-15.345071 125.096301
-15.323192 125.118603
-15.301808 125.097345
-15.300557 125.011386
-15.309449 124.986366
-15.321248 124.961238
-15.336008 124.912098
-15.278894 124.900758
-15.228332 124.937469
-15.210629 124.975818
-15.228125 125.004366
-15.161561 125.044254
-15.153605 125.012772
-15.201944 124.930116
-15.237359 124.881777
-15.236108 124.854426
-15.160283 124.824852
-15.120278 124.856937
-15.100415 124.900533
-15.117218 124.959159
-15.110837 124.980273
-15.07472 125.032896
-15.040835 125.018334
-14.999714 125.078328
-15.151391 125.147214
-15.162362 125.16471
-15.119441 125.174565
-15.079715 125.161929
-15.033887 125.161659
-15.062498 125.221104
-15.079715 125.249157
-15.10118 125.279289
-15.137081 125.281791
-15.156044 125.321652
-15.151526 125.414838
-15.13313 125.434773
-15.119162 125.417133
-15.121871 125.387001
-15.098741 125.36019
-15.070832 125.389971
-15.052778 125.364987
-14.995556 125.281098
-14.948333 125.18289
-14.910551 125.2161
-14.901947 125.243046
-14.853473 125.201097
-14.747426 125.136027
-14.598053 125.243316
-14.577227 125.264997
-14.523056 125.336106
-14.544998 125.388315
-14.555969 125.553024
-14.549444 125.58888
-14.492501 125.594712
-14.426945 125.599428
-14.308892 125.579988
-14.261111 125.584722
-14.241662 125.592759
-14.222429 125.618319
-14.273189 125.728677
-14.339582 125.706789
-14.630102 125.642241
-14.611661 125.660808
-14.483195 125.705124
-14.438051 125.713044
-14.40431 125.722791
-14.464862 125.84304
-14.572502 125.824995
-14.607368 125.843886
-14.643611 125.902773
-14.645285 125.908866
-14.617502 125.92386
-14.547221 125.990955
-14.515208 126.03762
-14.344163 126.066384
-14.192504 126.143316
-14.129999 126.146655
-13.965902 126.081513
-13.951664 126.053595
-13.926527 126.017595
-13.915556 126.067491
-13.927499 126.148032
-13.961942 126.217485
-14.03729 126.208863
-14.048333 126.184428
-14.059097 126.157275
-14.168402 126.191646
-14.179715 126.234135
-14.215139 126.280206
-14.233058 126.287775
-14.193611 126.313308
-14.140556 126.29457
-14.089445 126.309132
-14.050421 126.334152
-13.975001 126.43137
-13.964714 126.502488
-14.009165 126.491094
-14.077538 126.455337
-14.220557 126.568323
-14.229719 126.600534
-14.123744 126.703881
-13.971392 126.789147
-13.839443 126.76194
-13.795415 126.745956
-13.750973 126.857898
-13.728212 126.955836
-13.776389 127.017765
-13.848569 127.074744
-13.886315 127.057545
-13.971491 127.12842
-13.932782 127.153593
-13.900004 127.15416
-13.896395 127.241928
-13.929443 127.355553
-13.954031 127.425258
-13.993334 127.451232
-14.086106 127.521099
-14.175971 127.658034
-14.26778 127.731654
-14.300558 127.760535
-14.33528 127.779165
-14.47334 127.873305
-14.581664 127.957203
-14.573888 127.982619
-14.560694 128.000115
-14.583059 128.031372
-14.656256 128.123424
-14.702786 128.169432
-14.741666 128.182734
-14.800283 128.188287
-14.867774 128.139984
-15.025283 128.087739
-15.100838 128.069406
-15.136244 128.069883
-15.206084 128.079729
-15.396524 128.073024
-15.43166 128.063169
-15.451946 128.053314
-15.472637 128.031786
-15.498224 128.020842
-15.491393 128.043585
-15.4718 128.068983
-15.453188 128.086074
-15.434306 128.097045
-15.402779 128.105802
-15.343055 128.113866
-15.290558 128.118834
-15.248663 128.118132
-15.214058 128.132145
-15.233408 128.181717
-15.272909 128.222028
-15.305975 128.257614
-15.351182 128.264571
-15.400691 128.287179
-15.342218 128.292759
-15.303743 128.291922
-15.281108 128.284974
-15.222599 128.246382
-15.190559 128.224413
-15.065207 128.192112
-15.038054 128.204685
-15.014861 128.220795
-14.912774 128.306295
-14.916464 128.326284
-14.948189 128.328444
-15.019163 128.340378
-15.044237 128.353005
-15.047081 128.448288
-15.001667 128.458233
-14.958332 128.429901
-14.931944 128.418579
-14.904584 128.409426
-14.800004 128.387682
-14.764166 128.510253
-14.758469 128.535966
-14.782499 128.658015
-14.84027 128.90277
-14.871086 128.99997
-14.887502 129.06387
-14.899445 129.089421
-14.980004 129.185523
-15.162497 129.174408
-15.182504 129.191076
-15.104168 129.25638
-15.001523 129.237741
-14.861393 129.218427
-14.839235 129.229614
-14.867216 129.332745
-14.930558 129.462039
-14.949026 129.486771
-15.107498 129.631302
-15.15473 129.668589
-15.203231 129.676608
-15.182189 129.731967
-15.13097 129.695796
-15.095501 129.663459
-15.021665 129.626478
-14.946947 129.613914
-14.905016 129.636441
-14.872742 129.643821
-14.837777 129.64734
-14.853887 129.697209
-14.863958 129.801573
-14.843051 129.864681
-14.789996 129.92886
-14.767784 129.94443
-14.814998 129.805542
-14.822711 129.765825
-14.796809 129.718854
-14.766047 129.675384
-14.674445 129.603573
-14.628059 129.586563
-14.610392 129.623778
-14.609051 129.647583
-14.609222 129.670245
-14.601941 129.703428
-14.557364 129.768732
-14.535593 129.772755
-14.558894 129.712464
-14.572178 129.659904
-14.568056 129.590514
-14.550281 129.540114
-14.503058 129.454956
-14.413679 129.358512
-14.333336 129.370239
-14.222222 129.430548
-14.14223 129.492468
-14.086106 129.581082
-14.023187 129.696363
-14.013332 129.713859
-13.99472 129.732723
-13.964165 129.74661
-13.74416 129.78747
-13.698476 129.78234
-13.668056 129.788577
-13.516946 129.828852
-13.445036 129.899898
-13.507919 129.909501
-13.527368 129.944133
-13.530833 129.963861
-13.526261 129.993048
-13.509863 130.041162
-13.462496 130.114962
-13.42916 130.164156
-13.325282 130.264434
-13.288058 130.254696
-13.204025 130.192047
-13.176395 130.157883
-13.16924 130.124034
-13.14764 130.115781
-13.066667 130.115511
-12.970277 130.124547
-12.925925 130.140702
-12.907916 130.182192
-12.933332 130.195998
-12.946733 130.225725
-12.938759 130.263183
-12.920138 130.29498
-12.894029 130.327605
-12.87611 130.34079
-12.838742 130.353012
-12.739787 130.353858
-12.706109 130.343985
-12.672638 130.354416
-12.604445 130.509
-12.663341 130.55472
-12.70736 130.6008
-12.710834 130.627449
-12.701069 130.688829
-12.681107 130.644432
-12.676661 130.60413
-12.629834 130.586967
-12.570902 130.575519
-12.534731 130.591062
-12.506813 130.60233
-12.427154 130.609323
-12.404654 130.579272
-12.389867 130.594275
-12.385133 130.628448
-12.389165 130.656096
-12.429584 130.770396
-12.640283 130.89636
-12.607496 130.896639
-12.536387 130.95414
-12.462425 130.84767
-12.444731 130.815801
-12.406391 130.825809
-12.373055 130.847184
-12.354164 130.885803
-12.348188 130.926087
-12.35528 130.979403
-12.35834 131.026914
-12.32666 131.036103
-12.240692 131.026365
-12.207707 131.003019
-12.186809 130.998456
-12.149585 131.024322
-12.15368 131.114061
-12.193334 131.172768
-12.217499 131.213295
-12.22361 131.344119
-12.247784 131.370795
-12.278195 131.414553
-12.289166 131.436351
-12.295133 131.459976
-12.297221 131.492601
-12.288338 131.675535
-12.282497 131.736501
-12.27473 131.774427
-12.268052 131.931504
-12.286664 131.975253
-12.309101 132.062661
-12.200003 132.223572
-12.202361 132.36093
-12.231395 132.384159
-12.307157 132.417342
-12.333815 132.396228
-12.358745 132.384015
-12.380003 132.38361
-12.359996 132.406218
-12.325553 132.437619
-12.302081 132.444702
-12.25331 132.434352
-12.228389 132.427359
-12.185558 132.42456
-12.150269 132.444351
-12.10292 132.578154
-12.117293 132.601338
-12.140558 132.682734
-12.145976 132.716286
-12.135419 132.748992
-12.130631 132.709824
-12.078611 132.638454
-12.032783 132.627591
-11.80889 132.624666
-11.744999 132.63498
-11.72834 132.646365
-11.658203 132.6915
-11.635703 132.658038
-11.547503 132.540255
-11.476943 132.489963
-11.451392 132.448437
-11.440835 132.396363
-11.437784 132.372747
-11.461256 132.229539
-11.492081 132.162471
-11.526389 132.105798
-11.524724 132.086772
-11.510558 132.062607
-11.42972 131.990238
-11.364371 131.970582
-11.322773 131.902776
-11.309165 131.865246
-11.313206 131.83038
-11.321666 131.797053
-11.317634 131.770953
-11.30669 131.764266
-11.295278 131.772762
-11.177225 131.87412
-11.127428 131.984325
-11.135834 132.005241
-11.230001 132.090237
-11.406455 132.165936
-11.409731 132.204951
-11.355281 132.235497
-11.222216 132.192477
-11.191391 132.170256
-11.140001 132.146685
-11.131802 132.181227
-11.163608 132.276087
-11.130137 132.340518
-11.218058 132.458589
-11.264444 132.503445
-11.308472 132.513597
-11.490272 132.649704
-11.508128 132.671979
-11.519522 132.726348
-11.483891 132.772491
-11.400281 132.834132
-11.333366 132.874686
-11.336948 132.91803
-11.361941 132.942474
-11.419721 132.99651
-11.502503 133.051905
-11.55986 133.073226
-11.610836 133.099119
-11.687786 133.146234
-11.703608 133.161912
-11.716667 133.183044
-11.725001 133.20441
-11.735 133.238286
-11.736944 133.251372
-11.699441 133.30746
-11.70143 133.35669
-11.774168 133.407198
-11.832776 133.548858
-11.834585 133.616772
-11.819447 133.665255
-11.767634 133.762212
-11.748608 133.783596
-11.718332 133.799427
-11.717504 133.832178
-11.736107 133.908327
-11.767229 133.919433
-11.806109 133.850097
-11.829788 133.834878
-11.85416 133.839396
-11.882771 133.871067
-11.912291 133.942671
-11.886452 133.998093
-11.864303 134.015121
-11.847914 134.027343
-11.844449 134.050401
-11.946392 134.185518
-11.965832 134.173854
-12.046112 134.187741
-12.061664 134.206632
-12.037778 134.369964
-12.050279 134.394714
-12.058757 134.421084
-12.067496 134.494551
-12.066668 134.516079
-12.05639 134.598573
-12.001184 134.672679
-11.995838 134.771382
-12.04334 134.801361
-12.131666 134.870652
-12.141395 134.906922
-12.196394 134.997192
-12.266666 135.083862
-12.276944 135.192474
-12.294449 135.231354
-12.275558 135.226071
-12.223889 135.241911
-12.171941 135.26694
-12.111668 135.328311
-12.090275 135.379674
-12.102011 135.41949
-12.115277 135.437805
-12.098339 135.586089
-12.037229 135.662751
-12.024656 135.639279
-12.039722 135.61218
-12.057785 135.582534
-12.033053 135.5724
-11.957705 135.593226
-11.933333 135.685791
-11.93597 135.708453
-11.940839 135.733158
-11.935052 135.753534
-11.872502 135.838008
-11.834999 135.880461
-11.79458 135.882261
-11.76479 135.876348
-11.765555 135.912753
-11.78486 135.935388
-11.804165 135.946629
-11.852504 135.91638
-11.894444 135.855531
-11.994506 135.746001
-12.04361 135.788301
-12.159512 135.673443
-12.190832 135.669141
-12.214583 135.674703
-12.237497 135.688716
-12.280832 135.735498
-12.258755 135.786366
-12.218336 135.801225
-12.151808 135.883575
-12.111947 136.023039
-12.217256 135.938088
-12.26771 135.971838
-12.264164 135.998721
-12.24584 136.015686
-12.234023 136.045944
-12.264128 136.063476
-12.377915 135.983151
-12.444731 136.010529
-12.469715 136.034145
-12.471668 136.039698
-12.460004 136.049139
-12.445559 136.08108
-12.437639 136.156842
-12.461183 136.171017
-12.455 136.240155
-12.414311 136.293723
-12.29111 136.349118
-12.23972 136.363914
-12.205691 136.337463
-12.206393 136.312614
-12.213476 136.290393
-12.217157 136.242954
-12.191525 136.181916
-12.166946 136.177749
-12.065552 136.281645
-11.954168 136.451079
-11.934449 136.562193
-12.009725 136.539153
-12.183056 136.601901
-12.206663 136.615779
-12.284522 136.673235
-12.283397 136.718568
-12.256253 136.757196
-12.234302 136.754055
-12.215969 136.722735
-12.210902 136.68831
-12.191525 136.693998
-12.171734 136.775412
-12.22271 136.876401
-12.283613 136.931094
-12.358151 136.978362
-12.381668 136.957455
-12.4775 136.803861
-12.544163 136.745235
-12.704165 136.64358
-12.825278 136.620792
-12.779162 136.494414
-12.845942 136.484343
-12.958055 136.546083
-13.055003 136.545255
-13.149998 136.528317
-13.212215 136.47663
-13.252499 136.458009
-13.220486 136.448856
-13.239305 136.408446
-13.247216 136.367739
-13.174442 136.37106
-13.06916 136.371825
-13.053752 136.356624
-13.061321 136.325457
-13.100417 136.309014
-13.166387 136.2861
-13.205285 136.243566
-13.239161 136.200249
-13.242086 136.159704
-13.203476 136.145601
-13.184729 136.097199
-13.224716 135.993285
-13.277843 135.927261
-13.338476 135.891513
-13.366034 135.894636
-13.396949 135.934965
-13.455836 135.908604
-13.491665 135.864135
-13.581107 135.844272
-13.603895 135.845793
-13.72868 135.888993
-13.748957 135.927396
-13.746662 135.960237
-13.735835 135.982611
-13.715558 136.008045
-13.687784 136.02582
-13.762502 136.020267
-13.866668 135.988551
-13.961942 135.924678
-14.067503 135.908325
-14.142779 135.896949
-14.194583 135.86913
-14.230835 135.803862
-14.249717 135.77373
-14.27111 135.752769
-14.437502 135.621351
-14.530832 135.561375
-14.549165 135.551367
-14.573609 135.540531
-14.619239 135.531369
-14.646662 135.538299
-14.669441 135.505827
-14.729444 135.413298
-14.728895 135.372744
-14.83028 135.405549
-14.850836 135.4122
-14.902361 135.434007
-14.932781 135.451359
-14.964578 135.476406
-15.019307 135.542889
-15.039161 135.588294
-15.045002 135.60858
-15.064442 135.670536
-15.1775 135.851904
-15.196949 135.882171
-15.226811 135.915408
-15.253613 135.936918
-15.259445 135.944541
-15.315551 136.056636
-15.394445 136.212192
-15.418475 136.241073
-15.475274 136.252773
-15.540416 136.265121
-15.567362 136.279638
-15.603056 136.319967
-15.611948 136.341063
-15.658055 136.457451
-15.718337 136.568574
-15.739163 136.598301
-15.800282 136.671084
-15.863192 136.71747
-15.904448 136.765809
-15.912215 136.860786
-15.906392 136.920537
-15.914717 137.030544
-15.968609 137.136654
-16.061948 137.281374
-16.080281 137.302065
-16.107497 137.339145
-16.127639 137.369124
-16.156394 137.434149
-16.176392 137.488302
-16.17569 137.51262
-16.174862 137.543724
-16.187786 137.585232
-16.208054 137.646639
-16.25174 137.737674
-16.300556 137.773863
-16.327637 137.791503
-16.374023 137.816226
-16.438058 137.858841
-16.456661 137.886651
-16.493606 137.933874
-16.52723 137.971341
-16.554716 138.000276
-16.614728 138.066651
-16.654715 138.118833
-16.675829 138.147489
-16.707365 138.194829
-16.742501 138.290796
-16.778888 138.435246
-16.785278 138.466917
-16.78778 138.486906
-16.788338 138.514167
-16.783613 138.589695
-16.779311 138.639546
-16.788059 138.659004
-16.812638 138.687336
-16.875836 138.843288
-16.880552 138.867732
-16.884998 138.906918
-16.885277 138.934143
-16.890281 138.987459
-16.899164 139.010544
-16.91486 139.031082
-17.074169 139.141359
-17.123759 139.143033
-17.147222 139.145823
-17.168894 139.150818
-17.203058 139.162752
-17.297153 139.213008
-17.329166 139.244112
-17.342504 139.260528
-17.354168 139.283604
-17.367776 139.336632
-17.371664 139.373838
-17.371322 139.412124
-17.379161 139.437189
-17.441738 139.53546
-17.489168 139.588722
-17.520839 139.616478
-17.534582 139.64166
-17.541944 139.664979
-17.549729 139.692474
-17.563895 139.746339
-17.57087 139.780269
-17.57528 139.814145
-17.61416 139.882716
-17.665973 139.951899
-17.697221 139.97934
-17.712773 140.01858
-17.71847 140.058585
-17.719163 140.132169
-17.679716 140.374395
-17.673335 140.396634
-17.640836 140.494968
-17.624447 140.534145
-17.579996 140.61996
-17.566946 140.637753
-17.548334 140.661099
-17.477774 140.758029
-17.463473 140.785812
-17.458334 140.810949
-17.451944 140.833296
-17.411111 140.859684
-17.378333 140.877441
-17.359721 140.885802
-17.15111 140.942196
-17.096948 140.952456
-17.059508 140.954814
-17.023193 140.947758
-17.001116 140.956911
-16.981388 140.972472
-16.883891 141.051087
-16.724996 141.17886
-16.703891 141.19443
-16.667783 141.214284
-16.543052 141.26886
-16.503335 141.286104
-16.448678 141.2982
-16.357499 141.315516
-16.331948 141.326901
-16.256393 141.350256
-16.107227 141.413301
-16.074377 141.426576
-15.905834 141.400548
-15.741944 141.42276
-15.67916 141.431634
-15.655004 141.435792
-15.536105 141.460506
-15.504443 141.471621
-15.278606 141.571629
-15.149312 141.634566
-15.026525 141.665526
-14.993477 141.65874
-14.938055 141.632442
-14.91416 141.618006
-14.894441 141.606765
-14.861663 141.595245
-14.763608 141.566499
-14.481242 141.520959
-14.449166 141.522066
-14.398613 141.536097
-14.373611 141.545259
-14.323337 141.566076
-14.279714 141.586344
-14.255558 141.593175
-14.192504 141.599115
-14.143751 141.600105
-14.104448 141.593022
-14.065415 141.578172
-14.032223 141.55164
-14.009444 141.522624
-13.985558 141.501915
-13.948469 141.477462
-13.925834 141.469542
-13.897079 141.465789
-13.868333 141.465789
-13.828058 141.468849
-13.796945 141.473844
-13.767227 141.479676
-13.679999 141.49746
-13.650281 141.504696
-13.604309 141.517764
-13.532786 141.541929
-13.492295 141.561009
-13.414715 141.612453
-13.280975 141.683166
-13.254029 141.688719
-13.232915 141.686631
-13.210073 141.677271
-13.193189 141.650802
-13.159448 141.630921
-12.986387 141.58566
-12.957497 141.593841
-12.934583 141.606765
-12.911048 141.642117
-12.870971 141.708591
-12.855284 141.723018
-12.824441 141.747741
-12.793058 141.766866
-12.719582 141.79068
-12.691241 141.796917
-12.691745 141.822873
-12.70934 141.856767
-12.763475 141.889419
-12.796523 141.892767
-12.82139 141.891102
-12.843611 141.889986
-12.907214 141.931917
-12.865004 141.940305
-12.704165 141.883866
-12.672503 141.839352
-12.570002 141.768864
-12.51278 141.727752
-12.49334 141.717744
-12.469715 141.747597
-12.455558 141.728031
-12.451112 141.662196
-12.50972 141.653736
-12.531941 141.66144
-12.55166 141.685245
-12.569579 141.626889
-12.554522 141.592392
-12.531662 141.59412
-12.509297 141.606693
-12.482504 141.621894
-12.401387 141.660243
-12.381947 141.668856
-12.331943 141.688287
-12.246668 141.753051
-12.213611 141.775821
-12.178889 141.759981
-12.051665 141.805395
-12.028193 141.820119
-11.988476 141.849117
-11.969 141.892434
-11.994443 141.891084
-12.088889 141.916923
-12.067784 142.023663
-12.043547 142.031646
-11.981249 141.978573
-11.9654 141.95052
-11.924441 141.946623
-11.850839 141.957738
-11.808476 141.968853
-11.550284 142.05582
-11.485556 142.081911
-11.446946 142.100253
-11.372633 142.122861
-11.336948 142.129116
-11.149442 142.15887
-11.123891 142.15887
-11.092499 142.156917
-11.051243 142.152894
-11.024729 142.147422
-10.973609 142.13817
-10.949165 142.147692
-10.922921 142.184673
-10.923335 142.211502
-10.907783 142.304409
-10.895417 142.343019
-10.821941 142.399557
-10.795976 142.411923
-10.768895 142.416927
-10.740977 142.424001
-10.70972 142.444431
-10.70666 142.518861
-10.721663 142.556634
-10.75076 142.613145
-10.798415 142.582266