-40.507784 172.861353
-40.53104 172.988217
-40.533893 172.978029
-40.530824 172.945251
-40.524443 172.895265
-40.516109 172.79721
-40.518332 172.735794
-40.653323 172.656918
-40.748336 172.701351
-40.853051 172.860651
-40.851107 172.875249
-40.828895 172.907199
-40.799447 172.932759
-40.781528 172.980927
-40.78889 173.005263
-40.796675 173.013309
-40.809725 173.020536
-40.869449 173.051082
-40.967351 173.059695
-40.97861 173.056095
-41.027498 173.031642
-41.294312 173.077749
-41.302223 173.085786
-41.313329 173.105523
-41.31611 173.168028
-41.313329 173.188872
-41.309999 173.20302
-41.272082 173.275272
-41.222501 173.326086
-41.205833 173.340522
-41.195546 173.351628
-41.178059 173.377161
-41.150276 173.426094
-41.053058 173.602323
-41.073614 173.639709
-41.070554 173.672766
-41.058332 173.724138
-41.047226 173.73996
-41.028335 173.743992
-41.018606 173.738286
-41.020973 173.723148
-41.035976 173.693862
-41.038757 173.679138
-41.024996 173.674134
-41.014457 173.678319
-41.000282 173.696625
-40.976945 173.751372
-40.96916 173.80026
-40.931675 173.9133
-40.896809 173.989548
-40.915835 174.025269
-40.930559 174.030408
-40.945418 174.025818
-40.992227 173.929968
-40.994999 173.832183
-40.994162 173.821077
-41.01236 173.780397
-41.098607 173.769714
-41.114447 173.778588
-41.109443 173.794437
-41.080832 173.822211
-41.06222 173.821896
-41.05403 173.841489
-41.049449 173.930814
-41.058188 173.949831
-41.087501 173.917755
-41.103332 173.887479
-41.144165 173.848842
-41.245838 173.820528
-41.270282 173.762055
-41.289731 173.775816
-41.290559 173.788029
-41.289443 173.806362
-41.218325 174.037203
-41.198336 174.099699
-41.179787 174.130524
-41.177078 174.004857
-41.190551 174.000825
-41.198336 173.993013
-41.199434 173.981898
-41.200001 173.93274
-41.19875 173.904021
-41.192774 173.893581
-41.165693 173.886507
-41.154164 173.888028
-41.130971 173.900115
-40.999724 174.032748
-41.022359 174.089268
-41.044724 174.246336
-41.035283 174.258324
-41.003621 174.299409
-41.001947 174.319542
-41.014448 174.322737
-41.19749 174.209967
-41.22611 174.157074
-41.231384 174.114684
-41.235002 174.052179
-41.236118 174.026646
-41.254172 174.053862
-41.268059 174.21066
-41.23889 174.291651
-41.229719 174.303594
-41.221529 174.323853
-41.276942 174.288573
-41.324309 174.245373
-41.328053 174.2319
-41.329448 174.20859
-41.320286 174.193569
-41.306813 174.151647
-41.336666 174.111633
-41.424443 174.050946
-41.446664 174.045114
-41.466392 174.049992
-41.493059 174.06387
-41.526107 174.084138
-41.51528 174.096774
-41.50736 174.104559
-41.513894 174.114684
-41.523893 174.12579
-41.551388 174.151089
-41.582366 174.177477
-41.59862 174.179556
-41.60834 174.174138
-41.620967 174.160242
-41.685551 174.193029
-41.737634 174.289698
-41.748335 174.289158
-41.762222 174.283326
-41.837219 174.236355
-41.865281 174.21219
-41.875559 174.201354
-41.892785 174.181095
-41.905421 174.160944
-41.915834 174.143583
-41.957783 174.088566
-42.027497 174.009159
-42.061112 173.979675
-42.086942 173.965239
-42.100838 173.959137
-42.11972 173.953854
-42.133328 173.953584
-42.166394 173.956365
-42.199721 173.930814
-42.245837 173.881089
-42.253757 173.866761
-42.271379 173.834685
-42.295283 173.798172
-42.476948 173.568573
-42.487784 173.558592
-42.511949 173.541357
-42.528608 173.532627
-42.599726 173.50083
-42.621938 173.480796
-42.656948 173.466063
-42.670835 173.459961
-42.690275 173.448855
-42.793622 173.387754
-42.840836 173.351628
-42.902639 173.328039
-42.91361 173.325807
-42.958052 173.285514
-43.059581 173.103147
-43.06445 173.09052
-43.081946 173.026368
-43.091108 172.975797
-43.092773 172.953036
-43.098335 172.935522
-43.105832 172.920258
-43.148051 172.838007
-43.160831 172.818027
-43.183061 172.797768
-43.219718 172.772217
-43.24292 172.759419
-43.419446 172.726767
-43.612217 172.775817
-43.619714 172.89414
-43.620839 172.905543
-43.653059 173.059695
-43.700417 173.10303
-43.741394 173.114406
-43.766252 173.116908
-43.829162 173.111481
-43.856387 173.091645
-43.871111 173.058588
-43.867457 173.00169
-43.849673 172.990908
-43.802225 172.96524
-43.760699 172.96011
-43.755281 172.951353
-43.756109 172.939977
-43.768889 172.924542
-43.828757 172.920537
-43.872551 172.920582
-43.884638 172.934325
-43.894304 172.938564
-43.902917 172.866213
-43.880273 172.808163
-43.835003 172.743282
-43.825832 172.73691
-43.808336 172.715238
-43.772228 172.642761
-43.729433 172.513026
-43.72388 172.495233
-43.722773 172.483578
-43.72361 172.472202
-43.733609 172.424988
-43.743617 172.413297
-43.763894 172.390257
-43.778609 172.384983
-43.795007 172.382445
-43.81667 172.38402
-43.854443 172.39401
-43.863335 172.386936
-43.867772 172.36746
-43.88111 172.297206
-43.883054 172.286928
-43.883891 172.275543
-43.909163 172.189701
-43.965278 172.050813
-43.995833 171.97857
-44.00666 171.955224
-44.015012 171.941076
-44.076959 171.782469
-44.122499 171.654687
-44.153882 171.583587
-44.173889 171.547209
-44.178776 171.538479
-44.285489 171.355563
-44.293877 171.344466
-44.316395 171.319977
-44.343611 171.29358
-44.356391 171.285516
-44.36999 171.278595
-44.387504 171.270531
-44.399168 171.277344
-44.424863 171.277893
-44.43722 171.275544
-44.451944 171.269991
-44.465552 171.263313
-44.478332 171.25497
-44.535284 171.211635
-44.541116 171.200529
-44.560286 171.196074
-44.64584 171.192204
-44.663327 171.193023
-44.700281 171.204957
-44.743337 171.214695
-44.851112 171.20718
-44.923742 171.19719
-44.938331 171.185247
-44.941724 171.182124
-44.949896 171.175014
-44.963216 171.166671
-44.970272 171.1647
-44.978336 171.163296
-44.99666 171.149715
-45.06722 171.079956
-45.103337 171.026649
-45.151109 170.975529
-45.166112 170.963991
-45.243053 170.921628
-45.362636 170.873424
-45.373886 170.876889
-45.424169 170.871336
-45.490697 170.857881
-45.619721 170.750277
-45.745001 170.674686
-45.839438 170.616906
-45.884861 170.556633
-45.896111 170.555544
-45.892916 170.595792
-45.888056 170.608581
-45.858608 170.658603
-45.815282 170.721342
-45.784583 170.777205
-45.806948 170.790804
-45.846395 170.790804
-45.863891 170.788878
-45.880559 170.779707
-45.911663 170.699985
-45.908333 170.664426
-45.916667 170.573301
-45.91916 170.55054
-45.926945 170.484408
-45.931949 170.452458
-45.939437 170.424405
-45.956105 170.382717
-45.97361 170.342469
-45.994166 170.312472
-46.013894 170.294436
-46.029446 170.281647
-46.051946 170.263611
-46.065554 170.256384
-46.086524 170.252766
-46.111805 170.253603
-46.150559 170.239257
-46.165004 170.22663
-46.174715 170.214417
-46.188044 170.193843
-46.19861 170.169435
-46.246661 170.067744
-46.340279 169.911927
-46.374029 169.860789
-46.389446 169.849404
-46.41695 169.848018
-46.437083 169.851069
-46.461113 169.852329
-46.469987 169.845246
-46.558052 169.701903
-46.581947 169.631343
-46.623329 169.458012
-46.656395 169.266393
-46.67084 169.133031
-46.669166 169.107723
-46.666943 169.097202
-46.657502 169.084413
-46.635002 169.067196
-46.676807 169.05789
-46.680839 169.00803
-46.664864 168.880806
-46.623887 168.862185
-46.607498 168.864678
-46.562084 168.840378
-46.561112 168.823854
-46.577501 168.733305
-46.60514 168.637077
-46.611116 168.614685
-46.614167 168.593022
-46.615013 168.568848
-46.614167 168.516936
-46.613339 168.492735
-46.600586 168.439374
-46.583999 168.446628
-46.575008 168.4422
-46.57445 168.454413
-46.573055 168.490512
-46.58111 168.50331
-46.594448 168.55164
-46.584656 168.563871
-46.569023 168.54624
-46.539998 168.391359
-46.546118 168.357744
-46.560275 168.351903
-46.583882 168.362739
-46.583333 168.350571
-46.589246 168.362163
-46.601999 168.364386
-46.60316 168.351408
-46.557782 168.275277
-46.532366 168.268716
-46.524581 168.28137
-46.520558 168.30774
-46.525004 168.318576
-46.538612 168.324966
-46.53917 168.33942
-46.494998 168.389577
-46.48139 168.395805
-46.470275 168.39414
-46.419029 168.371334
-46.416257 168.354963
-46.40084 168.250275
-46.353338 168.208587
-46.344023 168.19011
-46.340279 168.17499
-46.343609 168.116364
-46.351673 168.063876
-46.371383 167.955534
-46.387214 167.893038
-46.399445 167.850801
-46.396529 167.828292
-46.33388 167.753871
-46.30958 167.779143
-46.294595 167.782482
-46.284173 167.778045
-46.209446 167.701896
-46.16639 167.596929
-46.156391 167.556636
-46.154168 167.546358
-46.152782 167.534424
-46.149731 167.483034
-46.149992 167.471073
-46.153052 167.45607
-46.16 167.446071
-46.204721 167.415525
-46.254446 167.356629
-46.273058 167.280273
-46.267775 167.261112
-46.263887 167.238558
-46.240559 167.086638
-46.229165 167.001372
-46.224719 166.966065
-46.223882 166.949982
-46.226105 166.915251
-46.230002 166.883031
-46.232504 166.836366
-46.231667 166.823028
-46.223612 166.768038
-46.212497 166.721913
-46.201112 166.705227
-46.157633 166.670532
-46.14389 166.689135
-46.135277 166.709412
-46.119167 166.73886
-46.093607 166.761225
-46.064942 166.784913
-46.03328 166.804749
-46.003895 166.829958
-45.994166 166.854672
-45.990278 166.886937
-45.949238 166.944627
-45.947222 166.929687
-45.982916 166.832199
-46.007648 166.788576
-46.016396 166.781097
-46.045637 166.76145
-46.06631 166.739382
-46.087217 166.670532
-46.088612 166.614678
-46.056113 166.619268
-46.01501 166.640805
-45.991943 166.661658
-45.96722 166.625793
-46.013759 166.488435
-46.002779 166.474971
-45.986813 166.466214
-45.839438 166.464693
-45.819449 166.470651
-45.809729 166.476897
-45.798893 166.537476
-45.801107 166.613868
-45.800279 166.65219
-45.798893 166.69998
-45.778895 166.886082
-45.735002 166.97412
-45.70973 166.987179
-45.705833 166.923036
-45.705275 166.91247
-45.704996 166.887486
-45.707786 166.854123
-45.714716 166.825809
-45.721385 166.80942
-45.689993 166.787469
-45.662777 166.775814
-45.611189 166.812993
-45.588779 166.869693
-45.585692 166.884183
-45.586358 166.898286
-45.590948 166.912875
-45.578609 166.980258
-45.578474 166.995954
-45.57167 167.005827
-45.527786 167.032476
-45.501398 167.041359
-45.519164 166.989681
-45.544724 166.891689
-45.570059 166.794039
-45.571391 166.780926
-45.576944 166.707459
-45.550691 166.698162
-45.425285 166.757472
-45.353618 166.801365
-45.320552 166.821624
-45.279728 166.868838
-45.279161 166.880799
-45.341666 167.008329
-45.357785 167.038299
-45.427229 167.146947
-45.472499 167.168853
-45.477773 167.205231
-45.471248 167.213025
-45.461393 167.209407
-45.422774 167.173578
-45.406664 167.158017
-45.383759 167.132043
-45.37223 167.11551
-45.36611 167.097744
-45.363617 167.087466
-45.344996 167.061645
-45.333323 167.051079
-45.323504 167.08275
-45.315503 167.094819
-45.310337 167.114223
-45.305288 167.17086
-45.313838 167.177565
-45.315836 167.215788
-45.329174 167.23593
-45.33416 167.248566
-45.335825 167.260257
-45.334448 167.270805
-45.327779 167.305662
-45.316529 167.303997
-45.271448 167.194647
-45.268946 167.138289
-45.270233 167.093217
-45.201113 167.0022
-45.145835 166.996917
-45.001673 167.146362
-44.953613 167.201487
-44.930834 167.228298
-44.921393 167.241051
-44.905283 167.26401
-44.873189 167.316777
-44.862875 167.40027
-44.896418 167.422383
-44.910323 167.419296
-44.933057 167.440383
-44.945 167.441931
-44.994716 167.459679
-45.000143 167.506191
-44.986949 167.511105
-44.903447 167.479083
-44.87219 167.464323
-44.858699 167.460831
-44.841194 167.459652
-44.79209 167.450805
-44.783621 167.45859
-44.683883 167.599701
-44.611676 167.743008
-44.498609 167.838867
-44.488052 167.850252
-44.403605 167.949981
-44.395001 167.963589
-44.353619 168.034977
-44.316944 168.128019
-44.304443 168.143193
-44.2925 168.144138
-44.251397 168.124104
-44.253062 168.14331
-44.251397 168.153588
-44.244719 168.169707
-44.170136 168.291072
-44.120276 168.338304
-44.105975 168.336072
-44.094446 168.33636
-44.040554 168.372324
-44.034443 168.383025
-44.029727 168.402771
-43.990703 168.674562
-44.000279 168.686649
-44.012366 168.71913
-44.009999 168.75387
-44.008622 168.764166
-43.988336 168.824403
-43.974989 168.862473
-43.961813 168.882462
-43.90361 168.961914
-43.848476 169.080768
-43.794161 169.142211
-43.743338 169.224399
-43.722503 169.27164
-43.679177 169.387479
-43.643465 169.491321
-43.63361 169.539156
-43.613891 169.626618
-43.607231 169.648884
-43.601948 169.660521
-43.571105 169.724961
-43.558055 169.739136
-43.522775 169.767495
-43.496666 169.790526
-43.406666 169.871067
-43.397783 169.884153
-43.371935 169.961634
-43.350137 170.025255
-43.33931 170.035947
-43.306946 170.049411
-43.25417 170.111358
-43.107785 170.288298
-43.052498 170.418024
-43.009307 170.527482
-42.990551 170.583039
-42.958736 170.674344
-42.94583 170.704413
-42.924716 170.750547
-42.910559 170.781102
-42.901388 170.794125
-42.648056 171.065799
-42.608051 171.108306
-42.560414 171.151659
-42.47666 171.196074
-42.433613 171.225801
-42.40889 171.230256
-42.394166 171.235782
-42.374996 171.247464
-42.366113 171.260253
-42.354998 171.27054
-42.310286 171.297765
-42.296669 171.304407
-42.281945 171.30969
-42.249725 171.316656
-42.224714 171.321075
-42.207218 171.322758
-42.189722 171.324396
-42.172226 171.326358
-42.155828 171.329139
-42.110837 171.343845
-42.067781 171.36108
-41.859728 171.461637
-41.764454 171.510804
-41.766398 171.533052
-41.766668 171.557739
-41.76611 171.569115
-41.761394 171.650817
-41.757785 171.66303
-41.746949 171.685791
-41.696387 171.790524
-41.652782 171.855225
-41.630003 171.886653
-41.550281 171.942201
-41.443055 172.02276
-41.417504 172.053864
-41.403608 172.06497
-41.277779 172.122192
-41.236118 172.111635
-41.153057 172.105227
-40.91138 172.106082
-40.889312 172.107612
-40.879997 172.113867
-40.813325 172.18665
-40.785839 172.218564
-40.781105 172.224702
-40.775552 172.259568
-40.770557 172.271367
-40.755005 172.299411
-40.727492 172.348299
-40.698332 172.382715
-40.657769 172.426905
-40.613894 172.478304
-40.603148 172.52019
-40.628195 172.520127
-40.632083 172.529847
-40.617773 172.571904
-40.601393 172.596348
-40.570559 172.629819
-40.560002 172.631619
-40.557914 172.604961
-40.556078 172.593351
-40.554998 172.582137
-40.541174 172.58985
-40.510556 172.630242
-40.50278 172.661373
-40.495553 172.712187
-40.504175 172.817748