-34.436942 173.038878
-34.520003 173.041641
-34.526807 173.02887
-34.527779 173.012076
-34.49834 172.99746
-34.472771 172.984131
-34.467083 172.958571
-34.546949 172.910538
-34.558892 172.923858
-34.567217 172.936098
-34.581122 172.973016
-34.665551 173.053314
-34.680284 173.057733
-34.791389 173.1105
-34.810559 173.120787
-34.822502 173.128572
-34.830278 173.135799
-34.839998 173.151918
-34.871939 173.213595
-34.884728 173.242737
-34.943606 173.271087
-34.962911 173.261088
-34.978886 173.259423
-35.017082 173.26692
-35.018891 173.317473
-35.00945 173.328579
-34.981109 173.358855
-34.972217 173.364678
-34.932113 173.372256
-34.863335 173.400822
-34.82 173.426094
-34.807778 173.450808
-34.868816 173.498031
-34.888751 173.447874
-34.890551 173.433321
-34.888895 173.413026
-34.894862 173.402478
-34.910135 173.400957
-34.93178 173.411595
-34.945829 173.419128
-34.960553 173.429271
-34.973324 173.441655
-34.981667 173.454138
-34.99028 173.471499
-34.995284 173.493279
-34.988606 173.541654
-34.954865 173.562057
-34.936109 173.566926
-34.929584 173.575809
-34.928612 173.589417
-35.004176 173.839149
-35.121113 174.101076
-35.170838 174.098574
-35.159858 174.094974
-35.155556 174.056634
-35.16416 174.021912
-35.207504 174.008025
-35.218187 174.009708
-35.225 174.018312
-35.227079 174.097179
-35.328608 174.143583
-35.323334 174.208005
-35.322227 174.218022
-35.278613 174.247749
-35.232776 174.319974
-35.33777 174.383883
-35.445275 174.461634
-35.485271 174.49191
-35.601947 174.575808
-35.614043 174.577167
-35.649863 174.566637
-35.649449 174.530277
-35.648612 174.52026
-35.643752 174.50928
-35.646245 174.4767
-35.726804 174.520674
-35.751671 174.558024
-35.76473 174.583863
-35.844443 174.602448
-35.850554 174.593034
-35.852228 174.577752
-35.845559 174.557871
-35.819459 174.538575
-35.793476 174.52152
-35.769446 174.491055
-35.723474 174.359682
-35.734724 174.348576
-35.836253 174.348729
-35.847215 174.357999
-35.847917 174.383028
-35.828891 174.38553
-35.82278 174.394971
-35.822771 174.437469
-35.824175 174.47607
-35.824715 174.486357
-35.846945 174.522627
-35.858888 174.522888
-35.892773 174.499146
-35.915003 174.487185
-35.991395 174.496761
-36.008612 174.514167
-36.03806 174.574008
-36.037781 174.592179
-36.03986 174.609819
-36.053054 174.622194
-36.070415 174.629259
-36.100862 174.616362
-36.124721 174.634983
-36.205559 174.708864
-36.266948 174.781098
-36.339164 174.812742
-36.346391 174.768309
-36.525833 174.710781
-36.537497 174.708162
-36.599444 174.715947
-36.730286 174.77442
-36.805274 174.808314
-36.847781 174.854403
-36.878336 174.89664
-36.872774 175.016232
-36.88028 175.055544
-36.890837 175.076631
-36.898055 175.084965
-36.925568 175.091643
-36.955556 175.161654
-36.938609 175.225662
-36.965285 175.278321
-36.995003 175.310514
-37.009025 175.321917
-37.026944 175.328856
-37.039868 175.330404
-37.064717 175.321899
-37.095272 175.319424
-37.148327 175.318434
-37.168892 175.328856
-37.216664 175.373289
-37.225826 175.385259
-37.228058 175.404969
-37.244447 175.579137
-37.16945 175.589145
-37.024721 175.551633
-37.009169 175.547484
-36.994445 175.54248
-36.980828 175.536099
-36.961676 175.524993
-36.927224 175.49856
-36.919025 175.48038
-36.908891 175.464414
-36.866942 175.435245
-36.809999 175.466916
-36.776105 175.509423
-36.679724 175.486356
-36.621386 175.463595
-36.570554 175.378302
-36.559025 175.364001
-36.541673 175.35663
-36.524996 175.353858
-36.490004 175.352445
-36.479996 175.3569
-36.517364 175.540392
-36.622772 175.604949
-36.710558 175.631076
-36.713618 175.76361
-36.754172 175.840794
-36.805832 175.733586
-36.844163 175.701627
-36.872639 175.70871
-36.883052 175.717611
-36.892637 175.739805
-36.871181 175.758948
-36.854594 175.751082
-36.839312 175.7511
-36.829025 175.760955
-36.825011 175.812606
-36.830834 175.833594
-36.842921 175.847319
-36.918053 175.879818
-37.067507 175.918302
-37.07945 175.916367
-37.115009 175.898322
-37.172915 175.883742
-37.246949 175.889709
-37.251674 175.921083
-37.259306 175.929003
-37.278881 175.936374
-37.299716 175.940091
-37.418066 175.974399
-37.453058 175.976073
-37.485188 176.031252
-37.502504 176.059422
-37.528334 176.090787
-37.621034 176.165604
-37.602503 176.082453
-37.596392 176.066928
-37.588742 176.059143
-37.57931 176.066775
-37.576736 176.090517
-37.546676 176.062473
-37.527137 176.02092
-37.524392 176.01075
-37.521107 175.955535
-37.525418 175.943574
-37.558889 175.953582
-37.63889 175.994415
-37.65527 176.071896
-37.675286 176.144994
-37.70945 176.242194
-37.676393 176.267493
-37.756664 176.488281
-37.771667 176.524704
-37.784447 176.537475
-37.793339 176.549706
-37.855565 176.656644
-37.862504 176.67108
-37.868336 176.68665
-37.892771 176.759154
-37.900277 176.784147
-37.903328 176.803038
-37.904444 176.819697
-37.907504 176.838291
-37.926107 176.917752
-37.932497 176.943843
-37.967219 177.08274
-37.987217 177.107463
-38.013335 177.159429
-37.982501 177.415254
-37.962503 177.473574
-37.91708 177.549138
-37.902221 177.571629
-37.875275 177.601347
-37.805003 177.64695
-37.682504 177.73218
-37.676807 177.74289
-37.666943 177.791931
-37.656935 177.85413
-37.652921 177.871896
-37.592225 178.000002
-37.585826 178.009425
-37.550825 178.018011
-37.5425 178.060392
-37.546955 178.187742
-37.560824 178.281918
-37.570697 178.309422
-37.581245 178.309692
-37.602503 178.321077
-37.618334 178.336368
-37.626947 178.349697
-37.630826 178.367733
-37.645973 178.452747
-37.646945 178.46802
-37.644164 178.488864
-37.648331 178.500807
-37.687499 178.550532
-37.695689 178.557615
-37.716668 178.563987
-37.826387 178.483311
-37.862504 178.452612
-37.876949 178.429689
-37.887785 178.419978
-38.004722 178.350525
-38.015414 178.347339
-38.030003 178.351902
-38.04056 178.36218
-38.072771 178.375788
-38.094299 178.37802
-38.185559 178.353855
-38.248055 178.31997
-38.259728 178.317747
-38.398607 178.320798
-38.528882 178.302465
-38.539169 178.298442
-38.649176 178.15887
-38.713895 178.074981
-38.719439 178.064271
-38.719304 178.047621
-38.72222 177.928866
-38.793617 177.94107
-38.918339 177.923853
-38.942801 177.917778
-38.96972 177.909696
-39.047948 177.897708
-39.064778 177.893865
-39.064283 177.906708
-39.089168 177.923034
-39.091949 177.942204
-39.098339 177.967746
-39.115007 177.991335
-39.123881 177.998004
-39.256955 177.909975
-39.267503 177.89886
-39.286115 177.874974
-39.288068 177.864966
-39.251402 177.844977
-39.236948 177.839415
-39.193055 177.824124
-39.180554 177.825096
-39.15278 177.841647
-39.114449 177.822018
-39.103946 177.821136
-39.075281 177.680268
-39.071105 177.628842
-39.064166 177.42609
-39.077783 177.387759
-39.128336 177.246918
-39.143618 177.206085
-39.165002 177.149133
-39.204449 177.054966
-39.352778 176.933583
-39.398057 176.903874
-39.412214 176.898861
-39.44222 176.898591
-39.664448 176.946624
-39.654998 177.010803
-39.66083 177.107184
-39.665411 177.118857
-39.679307 177.117444
-39.730004 177.08274
-39.743747 177.070797
-39.750281 177.054984
-39.76001 177.030963
-39.771395 177.021927
-40.034726 176.894721
-40.053887 176.890257
-40.08653 176.89401
-40.121378 176.87412
-40.181669 176.834133
-40.216661 176.808321
-40.22639 176.796936
-40.321394 176.68719
-40.380002 176.644134
-40.421942 176.628303
-40.495004 176.539986
-40.513895 176.521365
-40.535 176.500827
-40.600286 176.441931
-40.643891 176.405247
-40.675004 176.386113
-40.691105 176.352309
-40.793894 176.288571
-40.908887 176.239134
-40.931675 176.220792
-40.941665 176.195529
-40.952231 176.172768
-40.962365 176.155686
-40.975271 176.142213
-40.987502 176.134158
-41.01362 176.120793
-41.035283 176.113008
-41.087222 176.098302
-41.116112 176.087466
-41.129162 176.080806
-41.151932 176.062194
-41.231384 175.984686
-41.255279 175.955229
-41.347214 175.819122
-41.394176 175.739967
-41.485004 175.557735
-41.541389 175.471074
-41.564447 175.42746
-41.615414 175.318164
-41.620832 175.230801
-41.615558 175.219551
-41.535836 175.184694
-41.519447 175.181922
-41.500835 175.181094
-41.461109 175.188564
-41.441939 175.193433
-41.427782 175.188582
-41.385563 175.080267
-41.38028 175.063014
-41.378606 175.04928
-41.381666 175.027194
-41.395283 174.989538
-41.405831 174.972744
-41.415272 174.960513
-41.42834 174.947481
-41.440553 174.939282
-41.448194 174.913587
-41.429447 174.872466
-41.422364 174.863574
-41.343893 174.862746
-41.327225 174.870792
-41.312222 174.881502
-41.290001 174.894435
-41.278751 174.898881
-41.25473 174.901914
-41.234444 174.898863
-41.226245 174.89124
-41.220413 174.823011
-41.244443 174.78747
-41.259023 174.776229
-41.279714 174.774843
-41.28695 174.796083
-41.28695 174.821076
-41.297921 174.831363
-41.313059 174.831075
-41.326109 174.823992
-41.335001 174.811491
-41.347502 174.744693
-41.344442 174.70053
-41.33834 174.67191
-41.330834 174.651507
-41.315003 174.629673
-41.278607 174.591918
-41.267636 174.592881
-41.250833 174.601071
-41.234714 174.612186
-41.234714 174.632616
-41.234444 174.648591
-41.229719 174.666924
-41.221934 174.68136
-41.213618 174.694698
-41.197085 174.715659
-41.100281 174.800808
-41.041673 174.844422
-41.018057 174.874392
-41.014034 174.887604
-41.008337 174.904713
-40.987502 174.93219
-40.976387 174.941658
-40.965974 174.946365
-40.848605 175.014981
-40.755833 175.098573
-40.738895 175.112739
-40.726943 175.120794
-40.713614 175.127742
-40.631948 175.164156
-40.616945 175.169709
-40.609727 175.171905
-40.530824 175.187475
-40.329728 175.23801
-40.280831 175.231359
-40.181669 175.201623
-40.166945 175.196358
-40.134176 175.178322
-40.095836 175.155543
-40.003064 175.071627
-39.987782 175.055544
-39.958055 175.022217
-39.930002 174.986352
-39.92084 174.974121
-39.912776 174.960783
-39.902219 174.938877
-39.895838 174.923037
-39.863753 174.83247
-39.854717 174.7908
-39.853052 174.781098
-39.865553 174.751371
-39.86666 174.740508
-39.865832 174.729672
-39.829175 174.576078
-39.82472 174.558015
-39.820418 174.545811
-39.805001 174.52386
-39.726944 174.421359
-39.716945 174.410514
-39.678605 174.376062
-39.637214 174.351213
-39.625559 174.336633
-39.612095 174.312477
-39.578471 174.213027
-39.552785 174.040803
-39.55139 173.997747
-39.550553 173.986911
-39.54347 173.966625
-39.483323 173.871063
-39.470552 173.851902
-39.46139 173.839968
-39.437504 173.81079
-39.421943 173.795256
-39.41 173.786652
-39.390839 173.775816
-39.376943 173.769714
-39.354722 173.762208
-39.304997 173.754423
-39.288608 173.751921
-39.269996 173.751642
-39.188195 173.783583
-39.16916 173.800539
-39.145832 173.829951
-39.138335 173.844414
-39.128885 173.868012
-39.120551 173.892762
-39.073337 174.011112
-39.024449 174.114684
-38.988611 174.187746
-38.977217 174.209139
-38.972501 174.226626
-38.970557 174.248019
-38.970269 174.25998
-38.96999 174.281373
-38.96999 174.293028
-38.972501 174.313287
-38.97944 174.351348
-38.979161 174.375243
-38.975831 174.388734
-38.940272 174.45636
-38.871935 174.546081
-38.860559 174.557736
-38.850281 174.568023
-38.828888 174.587733
-38.815838 174.59442
-38.78612 174.603303
-38.763062 174.608586
-38.677778 174.625515
-38.590838 174.642489
-38.379167 174.68109
-38.185829 174.724398
-38.157218 174.838563
-38.155553 174.852189
-38.113757 174.929553
-38.101112 174.940245
-38.075012 174.898593
-38.064167 174.877164
-37.973195 174.89304
-37.943612 174.868281
-37.942352 174.858156
-37.963619 174.834684
-37.972907 174.829149
-37.995002 174.828582
-38.001122 174.818727
-38.00015 174.800673
-37.99097 174.78873
-37.976246 174.783735
-37.86416 174.788451
-37.849868 174.793302
-37.827224 174.823164
-37.818611 174.841335
-37.80611 174.872745
-37.805003 174.883329
-37.807496 174.903048
-37.810556 174.945258
-37.807784 174.971502
-37.750004 174.974976
-37.740419 174.970656
-37.744028 174.947895
-37.752497 174.930822
-37.774169 174.906918
-37.784024 174.866211
-37.769714 174.848301
-37.710827 174.828312
-37.527785 174.76416
-37.487501 174.744414
-37.447217 174.724974
-37.424996 174.717477
-37.404026 174.714687
-37.391813 174.722454
-37.385837 174.744414
-37.380284 174.760524
-37.374029 174.770262
-37.308059 174.831633
-37.294172 174.840651
-37.290554 174.829959
-37.292642 174.817314
-37.298339 174.801231
-37.321109 174.766086
-37.333754 174.753036
-37.361942 174.74274
-37.368746 174.728853
-37.362914 174.714282
-37.349729 174.701628
-37.336949 174.694428
-37.27331 174.660192
-37.236392 174.64581
-37.224449 174.639708
-37.15388 174.599973
-37.115558 174.57831
-37.103615 174.569976
-37.087496 174.555549
-37.077227 174.550806
-37.064861 174.555819
-37.061378 174.568842
-37.061108 174.644136
-37.068749 174.66318
-37.083059 174.664152
-37.099862 174.648942
-37.197773 174.703851
-37.196108 174.733857
-37.152215 174.720105
-37.088891 174.879117
-37.059164 174.887478
-37.023056 174.795534
-36.972215 174.804408
-36.96083 174.824982
-36.951812 174.831075
-36.942218 174.823434
-36.936665 174.770262
-36.939716 174.696624
-36.940832 174.686103
-36.949445 174.656376
-36.96083 174.641661
-36.982214 174.622464
-36.992501 174.618144
-37.022228 174.600531
-37.045556 174.524688
-37.043756 174.51207
-37.034729 174.500244
-37.019168 174.490785
-37.00556 174.484683
-36.944027 174.459231
-36.923894 174.451896
-36.909161 174.446928
-36.893618 174.443031
-36.868607 174.439143
-36.852227 174.43665
-36.835559 174.433869
-36.812771 174.427767
-36.798056 174.422763
-36.784169 174.416652
-36.768203 174.407904
-36.740285 174.390534
-36.679337 174.344301
-36.627218 174.301092
-36.612782 174.284973
-36.599165 174.267495
-36.568061 174.236913
-36.535283 174.20886
-36.496943 174.187746
-36.462914 174.1779
-36.446246 174.179979
-36.433754 174.187188
-36.428201 174.200949
-36.440837 174.243834
-36.445823 174.254832
-36.515834 174.300264
-36.601946 174.348846
-36.630836 174.36933
-36.667637 174.426516
-36.647918 174.454704
-36.582785 174.465522
-36.532214 174.465522
-36.414719 174.442473
-36.368477 174.42054
-36.395 174.391938
-36.400274 174.381075
-36.39347 174.300399
-36.382499 174.285243
-36.370556 174.276918
-36.357785 174.269988
-36.345833 174.268584
-36.316943 174.292209
-36.315557 174.303999
-36.331253 174.330108
-36.331253 174.372867
-36.310607 174.421242
-36.267218 174.506931
-36.25334 174.519342
-36.23138 174.505248
-36.26306 174.413304
-36.286667 174.378303
-36.294164 174.364686
-36.298052 174.346614
-36.298889 174.336363
-36.287513 174.305232
-36.26 174.365235
-36.16973 174.442203
-36.144449 174.396087
-36.155555 174.39525
-36.209726 174.371625
-36.222218 174.358854
-36.229715 174.345246
-36.230975 174.335103
-36.176948 174.307734
-36.119717 174.278871
-36.111392 174.239406
-36.112499 174.229128
-36.131111 174.195252
-36.144161 174.188565
-36.171944 174.185793
-36.178199 174.194829
-36.182501 174.222315
-36.181808 174.240099
-36.210284 174.287754
-36.240272 174.313584
-36.270278 174.267207
-36.27278 174.255399
-36.168335 174.065796
-36.121112 173.999115
-36.112634 173.992734
-35.981945 173.931093
-35.935001 173.938563
-35.923895 173.947482
-35.911799 173.947329
-35.872082 173.911104
-35.88416 173.904417
-36.003068 173.921355
-36.121382 173.9808
-36.136943 173.990097
-36.263618 174.124395
-36.279728 174.178314
-36.348056 174.199419
-36.368612 174.198024
-36.377504 174.191931
-36.403613 174.115233
-36.41138 174.089961
-36.409436 174.080808
-36.397079 174.067605
-36.374714 174.057462
-36.353618 174.049137
-36.338894 174.044439
-36.323333 174.039696
-36.293066 174.031101
-36.273887 174.020535
-36.032498 173.826081
-35.933606 173.737458
-35.923616 173.727171
-35.778059 173.590515
-35.570699 173.397204
-35.553608 173.39886
-35.440271 173.446623
-35.429174 173.465793
-35.422496 173.504151
-35.430839 173.540259
-35.356661 173.629944
-35.317916 173.655549
-35.278055 173.564145
-35.283608 173.553867
-35.302778 173.549709
-35.324864 173.550807
-35.34416 173.566926
-35.361674 173.568024
-35.37125 173.563038
-35.37611 173.439702
-35.386676 173.413161
-35.423054 173.391354
-35.453888 173.395539
-35.482769 173.392767
-35.524718 173.381769
-35.449163 173.306916
-35.370278 173.237733
-35.27666 173.15415
-35.226107 173.1033
-35.214164 173.089692
-35.185553 173.09538
-35.185553 173.119113
-35.189297 173.131362
-35.190557 173.148885
-35.176391 173.166228
-35.156105 173.180817
-35.143334 173.187477
-35.12834 173.191923
-35.100422 173.196918
-35.078894 173.198583
-35.051111 173.198583
-35.027216 173.193849
-35.01278 173.189421
-34.990136 173.177613
-34.958339 173.159145
-34.946666 173.15109
-34.929998 173.137752
-34.71695 172.947213
-34.584443 172.828035
-34.568891 172.812474
-34.49528 172.722474
-34.435556 172.739133
-34.414721 172.900818
-34.414721 172.911924
-34.422227 173.020806