-40.810274 145.080378
-40.822361 145.116342
-40.802786 145.274994
-40.84208 145.335663
-40.892777 145.539153
-40.987781 145.751373
-41.04278 145.872189
-41.149988 146.169432
-41.156936 146.193174
-41.160554 146.229129
-41.170832 146.369691
-41.171669 146.405412
-41.164865 146.450385
-41.150132 146.499147
-41.175278 146.564703
-41.186663 146.586087
-41.151527 146.581911
-41.088743 146.660382
-41.069726 146.731491
-41.073056 146.764161
-41.08229 146.784411
-41.107508 146.801079
-41.148368 146.806452
-41.168339 146.859129
-41.166872 146.942811
-41.134787 146.912967
-41.126804 146.879838
-41.123051 146.843019
-41.108129 146.823012
-41.05979 146.818728
-41.028398 146.863773
-40.976108 147.017061
-40.991948 147.086091
-40.99778 147.105801
-41.005007 147.124665
-41.008895 147.147354
-41.008895 147.17178
-41.002226 147.199131
-40.976387 147.356082
-41.017769 147.416499
-41.001398 147.461922
-40.985 147.488373
-40.953329 147.517488
-40.924169 147.541653
-40.879025 147.573162
-40.853051 147.589128
-40.842359 147.611619
-40.830839 147.674835
-40.857362 147.698793
-40.892786 147.803166
-40.891256 147.838167
-40.878746 147.876084
-40.863194 147.901779
-40.840838 147.921624
-40.822082 147.933594
-40.795271 147.944133
-40.761314 147.951153
-40.74479 147.971835
-40.745969 148.014162
-40.768892 148.079412
-40.849028 148.221072
-40.901111 148.273317
-40.957478 148.307418
-40.972355 148.318866
-40.995422 148.328307
-41.075567 148.30218
-41.107778 148.290255
-41.130836 148.279842
-41.167214 148.264344
-41.21846 148.272003
-41.259311 148.313565
-41.334731 148.316931
-41.423894 148.287474
-41.454161 148.273803
-41.539238 148.2804
-41.565833 148.296357
-41.591249 148.312188
-41.612921 148.314285
-41.728886 148.292208
-41.782643 148.270968
-41.814593 148.264713
-42.035003 148.29804
-42.06347 148.311495
-42.087635 148.333986
-42.108686 148.358718
-42.222428 148.363848
-42.249176 148.346622
-42.270695 148.324554
-42.277778 148.311099
-42.276392 148.302765
-42.255566 148.27527
-42.231662 148.270806
-42.206246 148.297761
-42.140555 148.309695
-41.998202 148.238847
-41.945444 148.19526
-42.117218 148.079115
-42.522497 148.00401
-42.556391 147.958731
-42.613892 147.943845
-42.666524 147.955518
-42.7175 147.954951
-42.741107 147.924837
-42.756533 147.898863
-42.77222 147.883185
-42.872921 147.842883
-42.888887 147.856419
-42.886628 147.899799
-42.857225 147.881835
-42.840827 147.910869
-42.86951 147.974202
-42.907085 147.99969
-42.976862 148.004775
-42.995447 147.967011
-43.082288 147.951495
-43.126667 147.979125
-43.170839 148.004703
-43.227593 147.995523
-43.229087 147.970791
-43.183439 147.899421
-43.20611 147.827178
-43.246943 147.789702
-43.163612 147.697209
-43.065557 147.631617
-43.017713 147.618972
-42.945137 147.673917
-42.938324 147.706497
-42.954722 147.730788
-42.978878 147.735792
-43.002503 147.719889
-43.039862 147.759984
-43.051112 147.781782
-43.054721 147.808872
-43.046531 147.867876
-43.026875 147.899421
-42.931943 147.82581
-42.826733 147.59163
-42.830558 147.557466
-42.860762 147.502116
-42.928883 147.521367
-42.949025 147.535947
-42.978959 147.552741
-43.018334 147.525597
-43.034174 147.476628
-43.041734 147.427128
-43.000073 147.403737
-42.991109 147.423015
-42.889724 147.408021
-42.861392 147.351627
-42.846668 147.317472
-42.904718 147.348576
-42.951113 147.340791
-43.008605 147.326085
-43.028054 147.292758
-43.060436 147.268188
-43.133606 147.241908
-43.155494 147.240306
-43.203887 147.262482
-43.224866 147.263319
-43.269173 147.247452
-43.285625 147.213288
-43.282223 147.178161
-43.244441 147.098304
-43.19972 147.041352
-43.181873 147.025746
-43.13834 147.022767
-43.118756 147.012075
-43.112429 146.991294
-43.13708 146.97009
-43.164161 146.96442
-43.184312 146.964141
-43.204301 146.969271
-43.223741 146.993994
-43.237781 147.019437
-43.258337 147.061098
-43.288721 147.095334
-43.362503 147.05496
-43.422632 147.002211
-43.528058 146.95218
-43.600625 146.937474
-43.617842 146.916702
-43.636391 146.863278
-43.648055 146.833587
-43.617905 146.815173
-43.610687 146.770398
-43.603334 146.686374
-43.556111 146.599542
-43.542782 146.514438
-43.534727 146.29608
-43.523756 146.275173
-43.495136 146.260269
-43.48889 146.231469
-43.515431 146.110365
-43.498052 146.038302
-43.376318 145.932678
-43.345835 145.991907
-43.357922 146.102598
-43.37972 146.156643
-43.39097 146.232531
-43.325144 146.234547
-43.282367 146.16324
-43.314722 146.139705
-43.333334 146.124684
-43.308755 145.858851
-43.297226 145.836918
-43.184438 145.758879
-43.133327 145.726902
-42.979166 145.595241
-42.963821 145.573776
-42.961391 145.547469
-42.965657 145.511586
-42.904448 145.459683
-42.846668 145.423152
-42.775559 145.397763
-42.658532 145.353852
-42.623612 145.310517
-42.612425 145.259982
-42.456392 145.231353
-42.313472 145.197621
-42.256952 145.205226
-42.239168 145.223847
-42.274862 145.250109
-42.319997 145.323027
-42.349166 145.378017
-42.374582 145.426365
-42.398747 145.439757
-42.457364 145.445661
-42.505631 145.459062
-42.523055 145.469421
-42.520283 145.475253
-42.35111 145.552041
-42.323471 145.499679
-42.326387 145.458306
-42.181118 145.280277
-42.139997 145.260684
-42.111395 145.265121
-42.080003 145.262772
-42.034868 145.247886
-41.938325 145.184553
-41.84666 145.054962
-41.713334 144.954954
-41.544449 144.858582
-41.390558 144.781641
-41.306111 144.731628
-41.216588 144.685791
-41.18111 144.695394
-41.075207 144.667755
-41.046956 144.653589
-41.031944 144.637209
-40.931108 144.618705
-40.901246 144.648864
-40.896116 144.680661
-40.875479 144.699687
-40.825565 144.708588
-40.759172 144.701352
-40.728059 144.76221
-40.748678 144.985995
-40.779161 145.036098